   184   563    0.318916   37.000002
   215   567    0.384461   36.400002
   163   577    0.291271   36.100002
   224   584    0.409363   35.700002
   108   589    0.195621   35.350002
   160   597    0.268804   34.950002
   107   605    0.182678   35.200002
   145   611    0.245249   34.950002
   141   619    0.223007   34.900002
   174   627    0.285836   34.950002
   158   635    0.270498   34.900002
   180   642    0.276093   35.150002
   193   649    0.323383   35.100002
   192   658    0.306080   34.950002
   179   664    0.296570   35.500002
   189   675    0.280603   35.950002
