   630  1055    0.684973   56.500000
   728  1076    0.744903   55.650000
   674  1093    0.709098   54.650000
   722  1112    0.743039   53.850000
   725  1131    0.714478   52.950000
   711  1146    0.689577   52.750000
   720  1168    0.702729   52.250000
   688  1187    0.658670   52.000000
   734  1207    0.680464   51.400000
   742  1224    0.682649   51.100000
   767  1243    0.686860   50.900000
   723  1260    0.630342   49.550000
   767  1279    0.669948   49.100000
   742  1299    0.628502   48.000000
   657  1319    0.543836   48.150000
   699  1335    0.574238   47.400000
   531  1357    0.433402   47.350000
   714  1376    0.573756   47.450000
   650  1394    0.535372   46.150000
   554  1412    0.437132   45.350000
   545  1431    0.416185   44.800000
   577  1451    0.427302   44.600000
   295  1469    0.219420   44.350000
   308  1490    0.225469   43.600000
   205  1507    0.139263   43.000000
   225  1525    0.160113   42.600000
   372  1545    0.266932   42.550000
   210  1565    0.146377   41.050000
   234  1582    0.153260   40.950000
   265  1601    0.177066   40.300000
   177  1620    0.113637   39.350000
   210  1639    0.135680   39.200000
   214  1658    0.137027   38.200000
   195  1676    0.121971   38.250000
   169  1696    0.108193   37.550000
