  1044  1055    0.995906   55.600002
  1061  1076    0.994145   55.050002
  1085  1093    0.996796   54.500002
  1106  1112    0.997833   54.000002
  1114  1131    0.993276   53.250002
  1128  1146    0.992509   52.550002
  1144  1168    0.990333   52.300002
  1164  1187    0.991172   51.700002
  1179  1207    0.987076   51.050002
  1198  1224    0.989018   50.500002
  1210  1243    0.987043   50.000002
  1211  1260    0.979774   49.450002
  1237  1279    0.981303   48.850002
  1234  1299    0.969690   48.450002
  1233  1319    0.962729   48.100002
  1255  1335    0.960338   47.400002
  1205  1357    0.922825   46.800002
  1243  1376    0.937184   46.400002
  1209  1394    0.904275   45.600002
  1196  1412    0.885962   45.300002
  1065  1431    0.780446   44.600002
   867  1451    0.636135   44.150002
   800  1469    0.585039   43.600002
   493  1490    0.361230   43.050002
   738  1507    0.528542   42.700002
   522  1525    0.364673   42.000002
   283  1545    0.189866   41.500002
   277  1565    0.182123   41.150002
   268  1582    0.187167   40.650002
   261  1601    0.180803   39.900002
   278  1620    0.168611   39.550002
   265  1639    0.167531   39.100002
   223  1658    0.142718   38.600002
   247  1676    0.157542   38.100002
   197  1696    0.119160   37.600002
