  1054  1055    0.999612   50.900002
  1075  1076    0.999537   50.350002
  1093  1093    1.000000   49.700002
  1111  1112    0.999632   49.100002
  1130  1131    0.999558   48.450002
  1146  1146    1.000000   47.800002
  1167  1168    0.999274   47.250002
  1187  1187    1.000000   46.650002
  1206  1207    0.999406   46.150002
  1223  1224    0.999666   45.450002
  1242  1243    0.999070   44.750002
  1259  1260    0.999521   44.200002
  1279  1279    1.000000   43.650002
  1299  1299    1.000000   43.100002
  1318  1319    0.997665   42.550002
  1333  1335    0.997843   41.950002
  1356  1357    0.999633   41.500002
  1374  1376    0.999340   40.900002
  1391  1394    0.999120   40.400002
  1401  1412    0.995392   39.850002
  1416  1431    0.993347   39.200002
  1418  1451    0.984407   38.750002
  1417  1469    0.973088   38.300002
  1323  1490    0.911120   37.850002
  1007  1507    0.697292   37.500002
  1075  1525    0.731818   37.000002
   559  1545    0.394742   36.750002
   516  1565    0.362771   36.300002
   318  1582    0.205858   36.000002
   349  1601    0.221307   35.700002
   249  1620    0.167242   35.350002
   241  1639    0.151308   35.300002
   217  1658    0.131857   35.000002
   215  1676    0.126056   35.000002
   214  1696    0.125706   35.200002
