   328  1055    0.374840   53.950000
   325  1076    0.350106   54.000000
   327  1093    0.347302   54.500000
   241  1112    0.256698   55.300000
   462  1131    0.473920   52.100000
   449  1146    0.464380   50.050000
   456  1168    0.462205   50.050000
   455  1187    0.444899   48.950000
   441  1207    0.423173   49.200000
   472  1224    0.433532   49.150000
   438  1243    0.414713   49.600000
   525  1260    0.475532   48.350000
   549  1279    0.468622   47.250000
   524  1299    0.449838   45.450000
   573  1319    0.468384   45.800000
   512  1335    0.423008   45.400000
   403  1357    0.327844   45.450000
   450  1376    0.352318   45.250000
   227  1394    0.183611   44.800000
   490  1412    0.367972   44.200000
   258  1431    0.204531   42.850000
   347  1451    0.263481   42.800000
   318  1469    0.225032   42.750000
   211  1490    0.144778   42.550000
   292  1507    0.204263   42.100000
   292  1525    0.204084   40.400000
   209  1545    0.149402   40.800000
   176  1565    0.114374   40.450000
   173  1582    0.116668   39.800000
   165  1601    0.106706   39.500000
   190  1620    0.123553   39.400000
   183  1639    0.111405   38.250000
   201  1658    0.126201   38.400000
   195  1676    0.119844   37.850000
   198  1696    0.118316   37.750000
