  1052  1055    0.998803   55.000002
  1073  1076    0.998471   54.500002
  1092  1093    0.999698   54.100002
  1111  1112    0.999239   53.300002
  1126  1131    0.998139   52.800002
  1136  1146    0.996279   52.100002
  1157  1168    0.996045   51.800002
  1181  1187    0.997459   51.200002
  1194  1207    0.993774   50.700002
  1211  1224    0.993898   49.900002
  1216  1243    0.989460   49.400002
  1237  1260    0.991987   48.900002
  1248  1279    0.986433   48.300002
  1272  1299    0.989961   47.900002
  1286  1319    0.987338   47.500002
  1304  1335    0.985416   46.700002
  1273  1357    0.958325   46.200002
  1298  1376    0.963931   45.700002
  1241  1394    0.916453   45.100002
  1250  1412    0.912980   44.800002
  1245  1431    0.896739   44.100002
   984  1451    0.722519   43.600002
   942  1469    0.673115   43.100002
   614  1490    0.438927   42.400002
   684  1507    0.487999   41.900002
   605  1525    0.429849   41.500002
   367  1545    0.237437   41.200002
   329  1565    0.219645   40.600002
   359  1582    0.243526   40.100002
   280  1601    0.185474   39.500002
   272  1620    0.166709   39.000002
   278  1639    0.178673   38.800002
   219  1658    0.136063   38.000002
   253  1676    0.152776   37.600002
   215  1696    0.131167   37.200002
