   690  1055    0.650647   49.899999
   703  1076    0.657398   49.349999
   738  1093    0.678630   48.699999
   759  1112    0.681318   47.999999
   801  1131    0.713495   47.399999
   823  1146    0.741673   46.749999
   904  1168    0.777823   46.149999
   924  1187    0.781274   45.599999
   962  1207    0.799349   44.949999
   988  1224    0.817219   44.349999
  1039  1243    0.833821   43.649999
  1090  1260    0.868694   43.049999
  1133  1279    0.888237   42.449999
  1182  1299    0.911268   41.899999
  1248  1319    0.947061   41.349999
  1304  1335    0.974301   40.699999
  1357  1357    1.000000   40.149999
  1376  1376    1.000000   39.549999
  1393  1394    0.999763   38.999999
  1407  1412    0.998733   38.399999
  1426  1431    0.997791   37.799999
  1435  1451    0.989084   37.299999
  1438  1469    0.986206   36.749999
  1364  1490    0.932694   36.499999
  1272  1507    0.863984   35.899999
  1013  1525    0.694264   35.549999
   806  1545    0.549728   35.249999
   489  1565    0.317914   34.899999
   357  1582    0.236821   34.599999
   250  1601    0.161197   34.699999
   264  1620    0.168963   34.299999
   254  1639    0.148627   34.199999
   217  1658    0.137157   34.249999
   203  1676    0.124176   34.199999
   189  1696    0.114615   34.249999
