   426  1055    0.485001   54.950000
   488  1076    0.528409   54.350000
   426  1093    0.476327   53.850000
   520  1112    0.542206   52.850000
   510  1131    0.538920   52.600000
   505  1146    0.501014   51.000000
   502  1168    0.512004   51.300000
   554  1187    0.522945   51.150000
   528  1207    0.502579   49.900000
   523  1224    0.486909   49.350000
   578  1243    0.521762   49.550000
   548  1260    0.497362   49.700000
   639  1279    0.556674   48.200000
   533  1299    0.462663   47.900000
   569  1319    0.485389   47.000000
   587  1335    0.496998   46.450000
   476  1357    0.396225   46.850000
   576  1376    0.460248   46.750000
   472  1394    0.374979   45.850000
   516  1412    0.409245   44.000000
   476  1431    0.375272   44.500000
   396  1451    0.295622   44.000000
   429  1469    0.321699   43.550000
   417  1490    0.322050   42.700000
   244  1507    0.176443   42.050000
   328  1525    0.237103   41.450000
   329  1545    0.235024   41.500000
   235  1565    0.164608   40.600000
   281  1582    0.191018   39.900000
   195  1601    0.126986   39.800000
   171  1620    0.113946   39.800000
   172  1639    0.105555   38.700000
   213  1658    0.135152   38.000000
   174  1676    0.105006   37.900000
   183  1696    0.117139   37.150000
