   933  1055    0.924352   57.000000
   929  1076    0.915571   56.650000
   949  1093    0.921685   56.050000
   979  1112    0.930319   55.300000
   979  1131    0.918053   54.700000
   985  1146    0.912827   54.350000
  1011  1168    0.918369   53.700000
  1007  1187    0.902262   53.000000
  1050  1207    0.910095   52.600000
  1049  1224    0.896521   51.850000
  1010  1243    0.870637   51.150000
  1020  1260    0.861976   50.400000
  1003  1279    0.826729   50.000000
   989  1299    0.819577   49.800000
  1000  1319    0.813843   49.100000
   973  1335    0.781977   48.400000
   957  1357    0.761232   47.850000
   957  1376    0.745299   47.350000
   952  1394    0.746603   47.000000
   859  1412    0.672053   46.300000
   802  1431    0.606006   45.500000
   649  1451    0.482281   44.850000
   534  1469    0.384297   44.800000
   561  1490    0.401931   44.100000
   464  1507    0.339219   43.100000
   354  1525    0.255469   42.800000
   432  1545    0.303313   42.300000
   388  1565    0.272899   41.450000
   326  1582    0.232132   40.900000
   301  1601    0.212926   40.500000
   315  1620    0.210025   40.000000
   244  1639    0.161641   39.400000
   202  1658    0.123838   38.800000
   223  1676    0.137898   38.250000
   198  1696    0.123656   37.700000
