   672  1055    0.639369   49.849999
   703  1076    0.655516   49.299999
   738  1093    0.672683   48.699999
   767  1112    0.697782   48.049999
   800  1131    0.720980   47.399999
   859  1146    0.742829   46.749999
   866  1168    0.751236   46.149999
   914  1187    0.780776   45.549999
   961  1207    0.793492   44.999999
   982  1224    0.804302   44.299999
  1020  1243    0.823433   43.649999
  1080  1260    0.865649   43.049999
  1121  1279    0.881906   42.449999
  1174  1299    0.908299   41.899999
  1238  1319    0.946093   41.349999
  1302  1335    0.974979   40.749999
  1357  1357    1.000000   40.149999
  1376  1376    1.000000   39.549999
  1393  1394    0.999393   38.999999
  1405  1412    0.996036   38.349999
  1426  1431    0.997631   37.799999
  1433  1451    0.991089   37.299999
  1433  1469    0.979454   36.799999
  1417  1490    0.965516   36.399999
  1286  1507    0.869781   35.849999
  1027  1525    0.699302   35.449999
   771  1545    0.524306   35.249999
   408  1565    0.274509   34.849999
   353  1582    0.227749   34.699999
   271  1601    0.171680   34.549999
   239  1620    0.146010   34.449999
   220  1639    0.139181   34.399999
   223  1658    0.135609   34.299999
   213  1676    0.126402   34.399999
   199  1696    0.118476   34.399999
