  1418  1431    0.995135   39.200002
   218   577    0.421362   35.900002
   245   584    0.411725   35.900002
  1241  1490    0.855343   38.000002
   136   597    0.239380   35.100002
   183   605    0.299433   35.050002
   127   611    0.203204   34.850002
   174   619    0.294354   34.900002
   163   627    0.274783   34.500002
   182   635    0.298507   35.000002
   187   642    0.298624   35.550002
   196   649    0.315798   35.150002
   200   658    0.315615   35.450002
   192   664    0.292790   35.400002
   192   675    0.287268   36.000002
