  1042  1055    0.995270   54.900002
  1063  1076    0.994513   54.700002
  1084  1093    0.996287   53.800002
  1107  1112    0.997238   53.200002
  1126  1131    0.997902   52.700002
  1141  1146    0.998162   52.000002
  1164  1168    0.997636   51.500002
  1174  1187    0.994839   51.100002
  1188  1207    0.991998   50.600002
  1211  1224    0.994036   50.100002
  1227  1243    0.992938   49.400002
  1240  1260    0.991946   48.800002
  1264  1279    0.991354   48.200002
  1279  1299    0.992490   47.700002
  1293  1319    0.990189   47.300002
  1264  1335    0.961501   46.700002
  1291  1357    0.969743   46.200002
  1277  1376    0.952586   45.700002
  1212  1394    0.896509   45.200002
  1226  1412    0.900545   44.500002
  1238  1431    0.906639   44.200002
  1122  1451    0.803172   43.600002
   790  1469    0.571168   43.100002
   758  1490    0.546778   42.700002
   648  1507    0.451547   42.000002
   453  1525    0.314143   41.700002
   423  1545    0.294397   41.300002
   349  1565    0.238590   40.500002
   351  1582    0.239317   40.000002
   304  1601    0.203940   39.600002
   265  1620    0.164758   39.100002
   269  1639    0.171363   38.700002
   251  1658    0.156063   38.100002
   216  1676    0.141171   37.600002
   213  1696    0.134750   37.500002
