   266  1055    0.317412   53.900000
   292  1076    0.331894   53.750000
   341  1093    0.367115   53.650000
   328  1112    0.349390   54.500000
   390  1131    0.416516   53.100000
   431  1146    0.433866   50.050000
   413  1168    0.431163   49.800000
   479  1187    0.467908   49.100000
   461  1207    0.438635   48.550000
   396  1224    0.376069   49.250000
   509  1243    0.462378   48.750000
   472  1260    0.419960   48.350000
   341  1279    0.298843   47.900000
   430  1299    0.383872   45.600000
   468  1319    0.393575   46.000000
   218  1335    0.194733   45.750000
   230  1357    0.195786   45.700000
   393  1376    0.305448   45.100000
   477  1394    0.383601   44.900000
   451  1412    0.344498   44.300000
   214  1431    0.160659   43.100000
   235  1451    0.173750   42.750000
   184  1469    0.140267   42.900000
   400  1490    0.289672   42.750000
   243  1507    0.183670   41.550000
   203  1525    0.137370   40.200000
   193  1545    0.132133   40.550000
   151  1565    0.108097   40.250000
   162  1582    0.105102   39.650000
   192  1601    0.124733   39.550000
   187  1620    0.121634   39.100000
   270  1639    0.166912   38.350000
   209  1658    0.125066   38.500000
   196  1676    0.115492   38.150000
   177  1696    0.110653   37.950000
