  1055  1055    1.000000   50.850002
  1076  1076    1.000000   50.400002
  1092  1093    0.998611   49.650002
  1112  1112    1.000000   49.100002
  1131  1131    1.000000   48.500002
  1146  1146    1.000000   47.800002
  1168  1168    1.000000   47.250002
  1187  1187    1.000000   46.700002
  1206  1207    0.999406   46.150002
  1224  1224    1.000000   45.450002
  1242  1243    0.999514   44.800002
  1259  1260    0.999603   44.250002
  1279  1279    1.000000   43.650002
  1299  1299    1.000000   43.100002
  1318  1319    0.999457   42.600002
  1335  1335    1.000000   41.950002
  1354  1357    0.998834   41.450002
  1367  1376    0.993995   40.950002
  1389  1394    0.997742   40.300002
  1406  1412    0.998017   39.700002
  1418  1431    0.995135   39.200002
  1424  1451    0.987485   38.700002
  1387  1469    0.954301   38.300002
  1241  1490    0.855343   38.000002
  1221  1507    0.837176   37.400002
  1111  1525    0.765278   36.950002
   541  1545    0.360848   36.700002
   458  1565    0.294518   36.400002
   362  1582    0.237879   36.050002
   282  1601    0.182495   35.750002
   282  1620    0.175417   35.550002
   252  1639    0.151937   35.350002
   220  1658    0.134707   35.250002
   196  1676    0.120096   35.050002
   197  1696    0.117764   35.150002
