   930  1055    0.930692   56.750000
   936  1076    0.923797   56.400000
   961  1093    0.930180   55.950000
   938  1112    0.905305   55.150000
   985  1131    0.921901   54.900000
   989  1146    0.912604   54.050000
   998  1168    0.910868   53.550000
   997  1187    0.894926   53.000000
  1007  1207    0.893033   52.700000
  1035  1224    0.899430   51.900000
  1012  1243    0.856624   51.200000
  1014  1260    0.866909   50.700000
  1012  1279    0.840441   49.700000
  1013  1299    0.839417   49.500000
  1025  1319    0.823772   49.100000
   984  1335    0.793825   48.500000
   948  1357    0.749634   48.050000
   877  1376    0.681578   47.400000
   930  1394    0.718229   46.800000
   908  1412    0.681635   46.000000
   791  1431    0.595338   45.650000
   687  1451    0.508444   45.000000
   574  1469    0.424144   44.350000
   623  1490    0.458645   44.150000
   590  1507    0.428201   43.300000
   423  1525    0.305678   42.650000
   421  1545    0.310044   42.200000
   227  1565    0.152205   41.700000
   298  1582    0.198854   40.850000
   354  1601    0.235021   40.600000
   237  1620    0.160530   40.050000
   295  1639    0.184807   39.100000
   244  1658    0.151376   38.800000
   224  1676    0.142190   38.350000
   197  1696    0.124114   37.900000
