  1055  1055    1.000000   50.850002
  1076  1076    1.000000   50.300002
  1092  1093    0.999095   49.700002
  1111  1112    0.999764   49.100002
  1131  1131    1.000000   48.400002
  1146  1146    1.000000   47.750002
  1168  1168    1.000000   47.250002
  1186  1187    0.999165   46.700002
  1207  1207    1.000000   46.150002
  1224  1224    1.000000   45.450002
  1242  1243    0.999316   44.750002
  1260  1260    1.000000   44.200002
  1279  1279    1.000000   43.650002
  1298  1299    0.999348   43.100002
  1318  1319    0.999750   42.650002
  1334  1335    0.999139   42.000002
  1354  1357    0.998990   41.500002
  1376  1376    1.000000   40.950002
  1391  1394    0.998982   40.300002
  1398  1412    0.993837   39.850002
  1421  1431    0.995374   39.200002
  1425  1451    0.987687   38.700002
  1409  1469    0.973109   38.250002
  1349  1490    0.919418   38.000002
  1157  1507    0.796179   37.450002
   744  1525    0.524744   36.950002
   481  1545    0.331603   36.750002
   453  1565    0.288830   36.250002
   359  1582    0.236107   35.950002
   363  1601    0.217488   35.750002
   270  1620    0.163237   35.600002
   261  1639    0.167079   35.250002
   231  1658    0.140414   35.000002
   203  1676    0.122216   35.100002
   206  1696    0.120971   34.950002
