   682  1055    0.637970   49.899999
   710  1076    0.679450   49.349999
   742  1093    0.673034   48.699999
   786  1112    0.709033   48.049999
   813  1131    0.734992   47.399999
   849  1146    0.747392   46.699999
   877  1168    0.753288   46.199999
   914  1187    0.778810   45.549999
   958  1207    0.800751   44.999999
   979  1224    0.808078   44.299999
  1033  1243    0.833627   43.649999
  1057  1260    0.854014   43.049999
  1131  1279    0.885009   42.449999
  1176  1299    0.906318   41.849999
  1241  1319    0.944325   41.349999
  1296  1335    0.976142   40.699999
  1357  1357    1.000000   40.199999
  1375  1376    0.999563   39.549999
  1394  1394    1.000000   38.949999
  1409  1412    0.999153   38.349999
  1420  1431    0.994034   37.849999
  1436  1451    0.991875   37.249999
  1439  1469    0.986541   36.799999
  1410  1490    0.960751   36.399999
  1231  1507    0.830967   35.949999
  1146  1525    0.767572   35.399999
   857  1545    0.574664   35.149999
   450  1565    0.298691   34.899999
   365  1582    0.232298   34.649999
   282  1601    0.178826   34.599999
   252  1620    0.162766   34.399999
   219  1639    0.136650   34.349999
   203  1658    0.126996   34.299999
   224  1676    0.123984   34.299999
   201  1696    0.117922   34.349999
