   215  1055    0.251671   54.400000
   293  1076    0.320229   53.700000
   363  1093    0.387517   53.750000
   285  1112    0.300498   54.400000
   335  1131    0.349153   52.250000
   432  1146    0.440421   50.100000
   463  1168    0.464317   49.650000
   365  1187    0.367246   49.700000
   411  1207    0.390276   49.650000
   518  1224    0.481911   49.150000
   511  1243    0.464614   48.900000
   504  1260    0.458573   47.900000
   543  1279    0.475687   46.900000
   415  1299    0.362788   45.600000
   477  1319    0.405433   45.900000
   300  1335    0.269973   45.700000
   250  1357    0.197927   45.400000
   510  1376    0.408170   45.050000
   356  1394    0.280685   44.750000
   511  1412    0.411669   44.300000
   193  1431    0.144218   43.150000
   328  1451    0.242717   42.700000
   454  1469    0.335624   42.850000
   302  1490    0.207359   42.650000
   189  1507    0.133808   41.950000
   275  1525    0.192116   40.250000
   187  1545    0.123424   40.550000
   175  1565    0.121490   40.300000
   174  1582    0.111241   39.800000
   297  1601    0.191214   39.550000
   231  1620    0.142947   39.450000
   181  1639    0.111829   38.000000
   172  1658    0.106706   38.600000
   198  1676    0.128670   38.050000
   191  1696    0.109567   37.750000
