   418   419    0.999254   50.200000
   428   428    1.000000   49.600000
   434   435    0.997496   49.000000
   441   441    1.000000   48.300000
   447   447    1.000000   47.650000
   454   454    1.000000   47.050000
   464   464    1.000000   46.600000
   470   470    1.000000   46.050000
   477   477    1.000000   45.250000
   486   486    1.000000   44.800000
   491   492    0.997049   44.150000
   497   497    1.000000   43.500000
   506   507    0.999057   43.000000
   510   513    0.995400   42.400000
   520   521    0.998449   41.850000
   523   531    0.991108   41.450000
   529   536    0.992106   40.800000
   542   546    0.996479   40.750000
   551   553    0.998849   40.000000
   549   563    0.982703   39.650000
   538   567    0.962800   39.150000
   525   577    0.912959   38.800000
   510   584    0.916191   38.500000
   485   589    0.847890   37.950000
   388   597    0.666074   37.550000
   408   605    0.698258   37.150000
   396   611    0.648199   37.150000
   319   619    0.536988   36.800000
   292   627    0.434840   36.500000
   257   635    0.421139   36.700000
   243   642    0.383463   36.400000
   234   649    0.366209   36.200000
   230   658    0.367359   36.250000
   188   664    0.308695   36.400000
   187   675    0.298190   36.300000
