   923  1055    0.927966   56.900000
   951  1076    0.928659   56.250000
   955  1093    0.927877   55.850000
   983  1112    0.925939   55.200000
   977  1131    0.922006   54.600000
   976  1146    0.907439   54.150000
  1000  1168    0.912378   53.750000
   999  1187    0.898150   53.100000
  1016  1207    0.903546   52.700000
  1012  1224    0.872581   51.800000
  1017  1243    0.873696   51.200000
  1014  1260    0.857752   50.600000
  1008  1279    0.840770   49.900000
  1029  1299    0.845075   49.700000
  1020  1319    0.817462   48.950000
  1030  1335    0.832535   48.550000
   934  1357    0.738416   47.900000
   955  1376    0.739545   47.250000
   980  1394    0.757699   46.850000
   813  1412    0.637714   46.100000
   753  1431    0.567463   45.450000
   643  1451    0.482602   44.950000
   570  1469    0.417504   44.500000
   743  1490    0.533437   44.150000
   456  1507    0.319110   43.300000
   469  1525    0.339816   42.700000
   397  1545    0.282900   42.400000
   253  1565    0.172254   41.750000
   316  1582    0.218072   41.000000
   246  1601    0.166965   40.600000
   236  1620    0.160563   40.000000
   237  1639    0.149612   39.250000
   220  1658    0.140287   38.850000
   249  1676    0.154588   38.300000
   205  1696    0.127987   37.700000
