   438  1055    0.497654   55.150000
   440  1076    0.495462   54.250000
   479  1093    0.525231   53.000000
   536  1112    0.564071   52.900000
   497  1131    0.520985   52.950000
   476  1146    0.494871   51.300000
   544  1168    0.545256   51.350000
   519  1187    0.502667   51.800000
   557  1207    0.535984   50.100000
   618  1224    0.565386   49.000000
   587  1243    0.533812   49.250000
   575  1260    0.525437   49.300000
   547  1279    0.483024   48.300000
   451  1299    0.402003   47.950000
   367  1319    0.317035   47.150000
   545  1335    0.450099   46.550000
   436  1357    0.364160   46.450000
   226  1376    0.190242   46.950000
   489  1394    0.394981   45.850000
   368  1412    0.294072   43.950000
   365  1431    0.277622   44.450000
   475  1451    0.359622   44.150000
   538  1469    0.394573   43.550000
   201  1490    0.153485   42.700000
   386  1507    0.281405   42.200000
   251  1525    0.178577   41.300000
   419  1545    0.301009   41.550000
   183  1565    0.118183   40.850000
   278  1582    0.194082   40.000000
   248  1601    0.166461   39.500000
   184  1620    0.118211   39.550000
   192  1639    0.124733   38.300000
   178  1658    0.107030   37.750000
   182  1676    0.114975   37.900000
   223  1696    0.143696   37.150000
