   222   563    0.416241   36.850002
   213   567    0.359758   36.350002
   195   577    0.347803   36.100002
   141   584    0.233009   35.950002
   156   589    0.264997   35.450002
   186   597    0.318566   35.000002
   225   605    0.385317   34.700002
   184   611    0.285744   34.650002
   154   619    0.259338   34.700002
   156   627    0.253352   35.100002
   168   635    0.280173   35.050002
   179   642    0.291689   35.100002
   198   649    0.304938   35.200002
   193   658    0.298706   35.350002
   186   664    0.295529   35.950002
   181   675    0.279077   35.850002
