  1052  1055    0.998974   55.100002
  1073  1076    0.998195   54.600002
  1079  1093    0.993399   53.900002
  1103  1112    0.997174   53.300002
  1123  1131    0.996506   52.700002
  1134  1146    0.995304   52.000002
  1163  1168    0.997352   51.600002
  1180  1187    0.997633   51.200002
  1191  1207    0.993324   50.700002
  1209  1224    0.993900   50.000002
  1216  1243    0.986381   49.400002
  1244  1260    0.992727   48.900002
  1247  1279    0.985463   48.300002
  1271  1299    0.988772   47.800002
  1291  1319    0.989096   47.300002
  1292  1335    0.977205   46.700002
  1315  1357    0.982099   46.300002
  1312  1376    0.968842   45.700002
  1286  1394    0.947615   45.100002
  1227  1412    0.901681   44.700002
   978  1431    0.718768   44.200002
  1080  1451    0.782674   43.500002
   646  1469    0.450923   43.200002
   676  1490    0.479843   42.700002
   520  1507    0.352190   42.000002
   655  1525    0.469114   41.400002
   369  1545    0.250687   41.100002
   368  1565    0.253999   40.500002
   295  1582    0.200233   40.100002
   292  1601    0.195545   39.400002
   317  1620    0.213819   39.100002
   239  1639    0.158481   38.600002
   261  1658    0.162459   38.100002
   228  1676    0.141580   37.600002
   216  1696    0.133531   37.100002
