   648  1055    0.701845   56.550000
   654  1076    0.698345   56.150000
   688  1093    0.719708   54.500000
   691  1112    0.697555   53.950000
   720  1131    0.697000   53.200000
   732  1146    0.716884   52.650000
   740  1168    0.711766   52.200000
   757  1187    0.704085   51.650000
   755  1207    0.698147   51.600000
   753  1224    0.686510   50.900000
   764  1243    0.685052   50.700000
   758  1260    0.675787   49.950000
   736  1279    0.649121   49.050000
   693  1299    0.592982   47.950000
   693  1319    0.589184   47.950000
   719  1335    0.595306   47.550000
   766  1357    0.626599   47.250000
   627  1376    0.515663   47.250000
   547  1394    0.425436   45.750000
   455  1412    0.351813   45.150000
   604  1431    0.480962   44.850000
   616  1451    0.456533   44.550000
   320  1469    0.229572   44.350000
   528  1490    0.393556   43.350000
   336  1507    0.251367   42.950000
   372  1525    0.265560   42.650000
   229  1545    0.167246   42.900000
   312  1565    0.214828   41.200000
   237  1582    0.156844   40.950000
   315  1601    0.211180   40.400000
   195  1620    0.129508   39.600000
   207  1639    0.126082   39.150000
   197  1658    0.127399   38.300000
   185  1676    0.113446   38.250000
   181  1696    0.115406   37.250000
