   419   419    1.000000   50.100000
   428   428    1.000000   49.600000
   435   435    1.000000   49.050000
   441   441    1.000000   48.250000
   446   447    0.998471   47.650000
   453   454    0.993527   47.000000
   464   464    1.000000   46.550000
   470   470    1.000000   45.950000
   477   477    1.000000   45.300000
   486   486    1.000000   44.900000
   491   492    0.999358   44.050000
   497   497    1.000000   43.500000
   507   507    1.000000   42.850000
   513   513    1.000000   42.450000
   521   521    1.000000   41.850000
   531   531    1.000000   41.400000
   533   536    0.989048   41.000000
   536   546    0.984655   40.800000
   547   553    0.994473   40.100000
   549   563    0.982385   39.800000
   549   567    0.977549   39.200000
   550   577    0.968398   38.800000
   511   584    0.899906   38.150000
   479   589    0.829205   37.900000
   461   597    0.792448   37.600000
   396   605    0.690583   37.250000
   326   611    0.557002   36.800000
   322   619    0.524064   36.800000
   253   627    0.444140   36.400000
   244   635    0.407502   36.400000
   216   642    0.344691   36.400000
   202   649    0.334973   36.300000
   207   658    0.316024   36.600000
   212   664    0.322531   36.450000
   195   675    0.293354   36.400000
