   445  1055    0.496875   54.750000
   481  1076    0.520097   54.350000
   480  1093    0.529296   53.750000
   514  1112    0.539635   53.050000
   521  1131    0.538324   52.500000
   560  1146    0.566184   51.400000
   565  1168    0.556182   51.000000
   467  1187    0.461205   51.650000
   552  1207    0.528838   49.800000
   529  1224    0.504274   49.050000
   489  1243    0.458044   49.550000
   500  1260    0.454434   49.700000
   598  1279    0.529329   48.600000
   573  1299    0.495263   47.800000
   523  1319    0.443905   47.250000
   466  1335    0.407685   46.700000
   610  1357    0.494558   46.700000
   528  1376    0.420044   46.950000
   421  1394    0.341836   45.750000
   384  1412    0.300528   44.050000
   319  1431    0.253122   44.250000
   386  1451    0.281227   44.000000
   344  1469    0.262625   43.550000
   258  1490    0.186836   42.950000
   234  1507    0.170206   42.050000
   256  1525    0.187138   41.350000
   212  1545    0.148948   41.850000
   255  1565    0.178369   40.750000
   287  1582    0.198066   40.000000
   232  1601    0.151904   39.600000
   167  1620    0.107370   39.800000
   308  1639    0.201942   38.400000
   214  1658    0.135495   37.900000
   170  1676    0.104763   37.950000
   182  1696    0.107188   37.200000
