   419   419    1.000000   50.200000
   428   428    1.000000   49.600000
   435   435    1.000000   49.000000
   441   441    1.000000   48.300000
   447   447    1.000000   47.600000
   454   454    1.000000   47.000000
   463   464    0.997635   46.500000
   470   470    1.000000   46.000000
   476   477    0.997699   45.300000
   486   486    1.000000   44.850000
   491   492    0.999031   44.150000
   496   497    0.999214   43.500000
   507   507    1.000000   42.950000
   513   513    1.000000   42.350000
   520   521    0.999519   41.900000
   529   531    0.997969   41.350000
   532   536    0.995902   41.000000
   538   546    0.993769   40.800000
   542   553    0.988722   40.100000
   550   563    0.986125   39.800000
   521   567    0.941320   39.450000
   516   577    0.924520   38.850000
   507   584    0.896746   38.450000
   492   589    0.865646   37.850000
   459   597    0.806335   37.700000
   425   605    0.731588   37.100000
   346   611    0.595488   37.050000
   316   619    0.518607   37.100000
   303   627    0.483661   36.550000
   236   635    0.405972   36.500000
   240   642    0.384296   36.600000
   242   649    0.380960   36.550000
   190   658    0.307159   36.450000
   221   664    0.335766   36.300000
   196   675    0.303552   36.300000
