   667  1055    0.712212   56.300000
   711  1076    0.741138   56.050000
   754  1093    0.759912   54.700000
   649  1112    0.681486   54.400000
   702  1131    0.686305   53.000000
   707  1146    0.703773   52.700000
   686  1168    0.668489   52.500000
   765  1187    0.729727   51.850000
   706  1207    0.663395   52.000000
   779  1224    0.715741   50.700000
   729  1243    0.666480   50.750000
   749  1260    0.652995   49.850000
   730  1279    0.635866   48.900000
   625  1299    0.546514   47.800000
   609  1319    0.510171   48.100000
   593  1335    0.493188   47.300000
   609  1357    0.498900   47.250000
   638  1376    0.508741   47.400000
   570  1394    0.449126   45.950000
   461  1412    0.352428   45.400000
   319  1431    0.238424   44.700000
   486  1451    0.370283   44.550000
   593  1469    0.441010   44.350000
   522  1490    0.383986   43.450000
   261  1507    0.186022   42.800000
   435  1525    0.313195   42.700000
   383  1545    0.271713   42.800000
   210  1565    0.147415   41.100000
   236  1582    0.161790   41.150000
   197  1601    0.128685   40.350000
   305  1620    0.200045   39.500000
   200  1639    0.127790   39.100000
   195  1658    0.126706   38.300000
   191  1676    0.116607   38.100000
   189  1696    0.118025   37.400000
