2.071541 1.295542
7.731097 1.295540
11.833580 1.295538
17.382216 1.295535
21.404293 1.295531
26.844176 1.295524
30.787422 1.295519
36.120689 1.295510
39.986651 1.295503
45.215387 1.295492
49.005577 1.295483
54.131835 1.295470
57.847741 1.295460
62.873526 1.295445
66.516601 1.295433
71.443884 1.295416
75.015558 1.295403
79.846269 1.295384
83.347940 1.295369
88.083972 1.295349
91.517013 1.295333
96.160221 1.295310
99.525976 1.295293
104.078181 1.295269
107.377969 1.295251
111.840952 1.295225
115.076067 1.295206
119.451579 1.295178
122.623287 1.295158
126.913041 1.295129
130.022586 1.295107
134.228264 1.295076
137.276864 1.295053
141.400113 1.295021
144.388961 1.294996
148.431397 1.294963
151.361666 1.294938
155.324873 1.294903
158.197710 1.294876
162.083240 1.294840
164.899771 1.294813
168.709147 1.294775
171.470476 1.294747
175.205191 1.294707
177.912400 1.294678
181.573916 1.294637
184.228065 1.294607
187.817818 1.294565
190.419948 1.294534
193.939344 1.294491
196.490473 1.294458
199.940891 1.294413
202.442019 1.294380
205.824811 1.294334
208.276919 1.294300
211.593410 1.294252
213.997458 1.294217
217.248948 1.294169
219.605878 1.294133
222.793641 1.294082
225.104377 1.294045
228.229661 1.293994
230.495107 1.293956
233.559138 1.293903
235.780184 1.293864
238.784162 1.293810
240.961676 1.293770
243.906776 1.293715
246.041612 1.293674
248.928991 1.293618
251.021986 1.293576
253.852775 1.293518
255.904748 1.293476
258.680054 1.293417
260.691810 1.293373
263.412722 1.293313
265.385049 1.293269
268.052632 1.293207
269.986302 1.293162
272.601603 1.293099
274.497375 1.293053
277.061418 1.292989
278.920033 1.292941
281.433822 1.292876
283.256010 1.292828
285.720530 1.292761
287.507004 1.292712
289.923221 1.292644
291.674680 1.292595
294.043541 1.292526
295.760673 1.292475
298.083105 1.292405
299.766583 1.292353
302.043497 1.292282
303.693980 1.292229
305.926267 1.292156
307.544401 1.292103
309.732938 1.292029
311.319357 1.291975
313.465000 1.291899
315.020326 1.291844
317.123916 1.291768
318.648759 1.291712
320.711119 1.291634
322.206076 1.291577
324.228015 1.291498
325.693672 1.291440
327.675982 1.291360
329.112913 1.291301
331.056371 1.291220
332.465139 1.291160
334.370506 1.291077
335.751663 1.291017
337.619687 1.290933
338.973774 1.290872
340.805185 1.290787
342.132733 1.290724
343.928249 1.290638
345.229778 1.290575
346.990103 1.290488
348.266123 1.290424
349.991947 1.290336
351.242957 1.290270
352.934957 1.290180
354.161448 1.290114
355.820285 1.290023
357.022738 1.289956
358.649063 1.289864
359.827948 1.289796
361.422397 1.289703
362.578177 1.289634
364.141377 1.289540
365.274504 1.289471
366.807066 1.289376
367.917985 1.289305
369.420509 1.289209
370.509654 1.289137
371.982730 1.289039
373.050529 1.288967
374.494734 1.288868
375.541604 1.288795
376.957503 1.288695
377.983855 1.288621
379.372003 1.288520
380.378240 1.288446
381.739181 1.288343
382.725696 1.288268
384.059964 1.288164
385.027144 1.288087
386.335261 1.287983
387.283484 1.287906
388.565963 1.287799
389.495603 1.287721
390.752945 1.287614
391.664364 1.287536
392.897064 1.287428
393.790619 1.287348
394.999158 1.287239
395.875201 1.287158
397.060053 1.287047
397.918926 1.286966
399.080556 1.286855
399.922595 1.286773
401.061458 1.286660
401.886994 1.286577
403.003536 1.286463
403.812891 1.286379
404.907550 1.286264
405.701042 1.286180
406.774246 1.286064
407.552187 1.285979
408.604357 1.285862
409.367050 1.285776
410.398598 1.285658
411.146343 1.285571
412.157673 1.285452
412.890763 1.285364
413.882272 1.285244
414.600993 1.285156
415.573069 1.285034
416.277704 1.284945
417.230728 1.284823
417.921553 1.284733
418.855897 1.284609
419.533182 1.284519
420.449215 1.284394
421.113225 1.284303
422.011304 1.284177
422.662300 1.284085
423.542777 1.283959
424.181014 1.283866
425.044234 1.283738
425.669962 1.283645
426.516264 1.283517
427.129728 1.283422
427.959442 1.283292
428.560883 1.283197
429.374335 1.283067
429.963988 1.282971
430.761497 1.282840
431.339593 1.282743
432.121472 1.282611
432.688238 1.282514
433.454792 1.282380
434.010449 1.282282
434.761979 1.282148
435.306746 1.282050
436.043547 1.281914
436.577637 1.281815
437.299997 1.281678
437.823619 1.281578
438.531820 1.281441
439.045180 1.281341
439.739501 1.281203
440.242799 1.281101
440.923512 1.280962
441.416946 1.280860
442.084317 1.280721
442.568080 1.280619
443.222371 1.280478
443.696652 1.280374
444.338121 1.280233
444.803106 1.280129
445.432002 1.279986
445.887874 1.279881
446.504443 1.279738
446.951380 1.279633
447.555865 1.279489
447.994043 1.279383
448.586680 1.279238
449.016270 1.279131
449.597292 1.278986
450.018462 1.278879
450.588096 1.278732
451.001011 1.278624
451.559481 1.278477
451.964304 1.278369
452.511828 1.278220
452.908716 1.278111
453.445509 1.277962
453.834618 1.277853
454.360891 1.277703
454.742374 1.277593
455.258331 1.277443
455.632337 1.277332
456.138183 1.277181
456.504858 1.277070
457.000789 1.276917
457.360278 1.276805
457.846490 1.276653
458.198933 1.276541
458.675614 1.276387
459.021150 1.276274
459.488489 1.276120
459.827252 1.276007
460.285432 1.275851
460.617556 1.275738
461.066755 1.275582
461.392369 1.275468
461.832765 1.275311
462.151997 1.275196
462.583761 1.275039
462.896737 1.274924
463.320038 1.274766
463.626880 1.274650
464.041885 1.274491
464.342713 1.274375
464.749584 1.274216
465.044515 1.274099
465.443412 1.273940
465.732563 1.273822
466.123642 1.273662
466.407126 1.273544
466.790540 1.273383
467.068468 1.273265
467.444367 1.273103
467.716847 1.272985
468.085379 1.272823
468.352519 1.272704
468.713828 1.272541
468.975732 1.272422
469.329959 1.272258
469.586731 1.272138
469.934015 1.271974
470.185754 1.271854
470.526232 1.271690
470.773037 1.271569
471.106842 1.271404
471.348809 1.271282
471.676071 1.271117
471.913297 1.270995
472.234145 1.270829
472.466721 1.270707
472.781281 1.270541
473.009298 1.270418
473.317693 1.270251
473.541241 1.270128
473.843591 1.269961
474.062758 1.269838
474.359183 1.269670
474.574054 1.269546
474.864669 1.269378
475.075329 1.269254
475.360247 1.269085
475.566779 1.268961
475.846113 1.268791
476.048597 1.268667
476.322456 1.268497
476.520971 1.268373
476.789463 1.268203
476.984087 1.268078
477.247317 1.267907
477.438127 1.267781
477.696198 1.267611
477.883267 1.267485
478.136280 1.267313
478.319684 1.267187
478.567737 1.267015
478.747546 1.266889
478.990738 1.266717
479.167023 1.266591
479.405449 1.266418
479.578278 1.266292
479.812031 1.266119
479.981473 1.265992
480.210644 1.265819
480.376766 1.265692
480.601445 1.265518
480.764311 1.265390
480.984587 1.265217
481.144260 1.265090
481.360219 1.264915
481.516763 1.264788
481.728489 1.264613
481.881964 1.264485
482.089541 1.264310
482.240008 1.264182
482.443517 1.264007
482.591035 1.263879
482.790555 1.263704
482.935182 1.263576
483.130791 1.263401
483.272583 1.263272
483.464359 1.263096
483.603372 1.262968
483.791389 1.262792
483.927677 1.262663
484.112009 1.262487
484.245627 1.262358
484.426346 1.262182
484.557344 1.262053
484.734521 1.261877
484.862953 1.261748
485.036657 1.261572
485.162571 1.261443
485.332871 1.261266
485.456317 1.261137
485.623279 1.260961
485.744306 1.260831
485.907996 1.260655
486.026650 1.260525
486.187132 1.260349
486.303461 1.260220
486.460797 1.260043
486.574846 1.259913
486.729099 1.259737
486.840913 1.259608
486.992142 1.259431
487.101764 1.259301
487.250030 1.259124
487.357504 1.258995
487.502863 1.258818
487.608230 1.258689
487.750741 1.258513
487.854043 1.258383
487.993760 1.258207
488.095038 1.258078
488.232017 1.257901
488.331309 1.257772
488.465603 1.257596
488.562950 1.257467
488.694612 1.257291
488.790051 1.257162
488.919132 1.256985
489.012700 1.256857
489.139252 1.256681
489.230986 1.256552
489.355058 1.256376
489.444994 1.256248
489.566633 1.256073
489.654807 1.255944
489.774063 1.255768
489.860508 1.255640
489.977426 1.255466
490.062177 1.255338
490.176804 1.255163
490.259894 1.255035
490.372274 1.254861
490.453736 1.254733
490.563913 1.254559
490.643778 1.254432
490.751796 1.254258
490.830096 1.254131
490.935997 1.253957
491.012762 1.253831
491.116587 1.253658
491.191848 1.253532
491.293638 1.253359
491.367424 1.253232
491.467219 1.253060
491.539558 1.252934
491.637398 1.252763
491.708319 1.252637
491.804241 1.252466
491.873773 1.252341
491.967815 1.252170
492.035983 1.252045
492.128182 1.251875
492.195015 1.251751
492.285406 1.251581
492.350929 1.251457
492.439549 1.251288
492.503788 1.251165
492.590671 1.250996
492.653650 1.250873
492.738831 1.250706
492.800576 1.250583
492.884087 1.250416
492.944622 1.250294
493.026496 1.250128
493.085844 1.250006
493.166113 1.249840
493.224299 1.249719
493.302995 1.249554
493.360040 1.249434
493.437194 1.249269
493.493121 1.249149
493.568762 1.248986
493.623593 1.248867
493.697752 1.248704
493.751508 1.248586
493.824214 1.248424
493.876916 1.248306
493.948197 1.248145
493.999866 1.248027
494.069750 1.247867
494.120407 1.247750
494.188920 1.247591
494.238585 1.247475
494.305756 1.247317
494.354446 1.247202
494.420301 1.247044
494.468037 1.246930
494.532601 1.246773
494.579402 1.246659
494.642700 1.246504
494.688583 1.246391
494.750641 1.246237
494.795625 1.246125
494.856467 1.245971
494.900569 1.245859
494.960218 1.245707
495.003457 1.245597
495.061937 1.245446
495.104327 1.245335
495.161661 1.245186
495.203221 1.245076
495.259431 1.244928
495.300176 1.244819
495.355285 1.244672
495.395231 1.244564
495.449260 1.244418
495.488423 1.244311
495.541393 1.244166
495.579789 1.244061
495.631720 1.243917
495.669364 1.243812
495.720277 1.243669
495.757183 1.243565
495.807099 1.243424
495.843281 1.243321
495.892218 1.243181
495.927692 1.243079
495.975670 1.242940
496.010448 1.242839
496.057486 1.242701
496.091582 1.242601
496.137698 1.242465
496.171126 1.242366
496.216338 1.242231
496.249111 1.242133
496.293437 1.242000
496.325568 1.241903
496.369025 1.241771
496.400526 1.241674
496.443131 1.241544
496.474015 1.241448
496.515785 1.241319
496.546063 1.241225
496.587015 1.241097
496.616700 1.241004
496.656849 1.240878
496.685952 1.240786
496.725314 1.240661
496.753847 1.240570
496.792437 1.240446
496.820411 1.240357
496.858245 1.240234
496.885670 1.240146
496.922763 1.240025
496.949650 1.239937
496.986016 1.239818
497.012377 1.239732
497.048030 1.239614
497.073874 1.239528
497.108828 1.239412
497.134166 1.239328
497.168435 1.239213
497.193276 1.239130
497.226873 1.239016
497.251227 1.238934
497.284166 1.238822
497.308043 1.238741
497.340336 1.238631
497.363745 1.238550
497.395405 1.238442
497.418355 1.238363
497.449395 1.238256
497.471895 1.238178
497.502327 1.238072
497.524386 1.237995
497.554221 1.237891
497.575848 1.237815
497.605098 1.237712
497.626301 1.237638
497.654978 1.237536
497.675766 1.237463
497.703881 1.237363
497.724261 1.237291
497.751825 1.237192
497.771805 1.237121
497.798829 1.237024
497.818418 1.236954
497.844912 1.236859
497.864117 1.236790
497.890092 1.236696
497.908920 1.236628
497.934386 1.236535
497.952846 1.236468
497.977812 1.236377
497.995910 1.236312
498.020387 1.236222
498.038130 1.236157
498.062128 1.236069
498.079523 1.236006
498.103051 1.235919
498.120105 1.235856
498.143171 1.235771
498.159891 1.235710
498.182505 1.235626
498.198897 1.235565
498.221068 1.235483
498.237139 1.235424
498.258876 1.235343
498.274632 1.235285
498.295942 1.235205
498.311389 1.235148
498.332282 1.235070
498.347427 1.235013
498.367910 1.234937
498.382757 1.234882
498.402839 1.234806
498.417396 1.234752
498.437084 1.234678
498.451355 1.234625
498.470657 1.234553
498.484649 1.234500
498.503573 1.234429
498.517290 1.234378
498.535843 1.234308
498.549292 1.234258
498.567481 1.234190
498.580666 1.234140
498.598499 1.234073
498.611426 1.234025
498.628909 1.233959
498.641582 1.233912
498.658723 1.233847
498.671148 1.233801
498.687953 1.233738
498.700134 1.233692
498.716609 1.233631
498.728552 1.233586
498.744705 1.233526
498.756413 1.233482
498.772249 1.233423
498.783728 1.233380
498.799254 1.233322
498.810508 1.233280
498.825729 1.233224
498.836762 1.233183
498.851685 1.233127
498.862502 1.233087
498.877133 1.233033
498.887738 1.232994
498.902082 1.232941
498.912479 1.232903
498.926542 1.232851
498.936735 1.232814
498.950522 1.232763
498.960516 1.232727
498.974033 1.232677
498.983831 1.232642
498.997082 1.232594
499.006688 1.232559
499.019680 1.232512
499.029098 1.232478
499.041836 1.232432
499.051069 1.232399
499.063556 1.232354
499.072608 1.232322
499.084851 1.232278
499.093726 1.232247
499.105729 1.232205
499.114430 1.232174
499.126198 1.232132
499.134728 1.232103
499.146265 1.232062
499.154628 1.232033
499.165939 1.231994
499.174138 1.231966
499.185228 1.231928
499.193266 1.231900
499.204138 1.231863
499.212019 1.231837
499.222678 1.231801
499.230404 1.231775
499.240854 1.231740
499.248429 1.231715
499.258675 1.231681
499.266101 1.231656
499.276145 1.231624
499.283426 1.231600
499.293274 1.231568
499.300412 1.231545
499.310067 1.231514
499.317065 1.231492
499.326530 1.231462
499.333392 1.231441
499.342671 1.231412
499.349398 1.231391
499.358496 1.231364
499.365091 1.231344
499.374010 1.231317
499.380476 1.231297
499.389221 1.231272
499.395560 1.231253
499.404133 1.231228
499.410348 1.231210
499.418753 1.231186
499.424846 1.231169
499.433087 1.231146
499.439060 1.231129
499.447139 1.231107
499.452996 1.231091
499.460916 1.231070
499.466658 1.231055
499.474423 1.231035
499.480052 1.231020
499.487666 1.231001
499.493184 1.230987
499.500649 1.230968
499.506059 1.230955
499.513377 1.230938
499.518681 1.230925
499.525856 1.230909
499.531056 1.230897
499.538090 1.230881
499.543189 1.230870
499.550085 1.230855
499.555083 1.230844
499.561844 1.230830
499.566745 1.230820
499.573373 1.230807
499.578178 1.230798
499.584676 1.230786
499.589387 1.230777
499.595758 1.230766
499.600376 1.230758
499.606622 1.230747
499.611150 1.230740
499.617273 1.230730
499.621712 1.230723
499.627716 1.230715
499.632068 1.230708
499.637954 1.230701
499.642220 1.230695
499.647991 1.230688
499.652174 1.230683
499.657832 1.230677
499.661933 1.230673
499.667479 1.230668
499.671500 1.230664
499.676938 1.230660
499.680880 1.230657
499.686211 1.230653
499.690076 1.230651
499.695303 1.230648
499.699091 1.230647
499.704216 1.230645
499.707930 1.230644
499.712954 1.230643
499.716596 1.230643
499.721522 1.230643
499.725092 1.230643
499.729921 1.230644
499.733422 1.230645
499.738156 1.230647
499.741588 1.230648
499.746229 1.230651
499.749594 1.230654
499.754144 1.230657
499.757443 1.230660
499.761904 1.230665
499.765138 1.230669
499.769512 1.230675
499.772683 1.230679
499.776971 1.230686
499.780080 1.230691
499.784284 1.230699
499.787331 1.230705
499.791453 1.230714
499.794441 1.230721
499.798482 1.230731
499.801411 1.230738
499.805373 1.230749
499.808245 1.230758
499.812129 1.230770
499.814944 1.230780
499.818752 1.230793
499.821513 1.230804
499.825246 1.230818
499.827952 1.230830
499.831612 1.230846
499.834266 1.230859
499.837854 1.230877
499.840455 1.230890
499.843973 1.230910
499.846524 1.230925
499.849973 1.230946
499.852473 1.230962
499.855855 1.230985
499.858306 1.231003
499.861621 1.231028
499.864024 1.231048
499.867275 1.231076
499.869631 1.231098
499.872817 1.231129
499.875127 1.231153
499.878252 1.231189
499.880516 1.231216
499.883579 1.231256
499.885799 1.231288
499.888802 1.231335
499.890979 1.231374
499.893923 1.231433
499.896057 1.231497
499.898944 1.231611
499.901037 1.231677
499.903871 1.231743
499.905945 1.231754
499.908778 1.231717
499.910852 1.231683
499.913686 1.231628
499.915760 1.231638
499.918594 1.231720
499.920668 1.231758
499.923501 1.231778
499.925575 1.231791
499.928409 1.231808
499.930483 1.231865
499.933317 1.232004
499.935390 1.232107
499.938224 1.232248
499.940298 1.232302
499.943132 1.232308
499.945206 1.232243
499.948039 1.232061
499.950113 1.231906
499.952947 1.231663
499.955021 1.231517
499.957855 1.231359
499.959929 1.231275
499.962762 1.231203
499.964836 1.231201
499.967670 1.231265
499.969744 1.231348
499.972578 1.231512
499.974651 1.231586
499.977485 1.231625
499.979559 1.231661
499.982393 1.231721
499.984467 1.231813
499.987300 1.232004
499.989374 1.232109
499.992208 1.232204
499.994282 1.232236
499.997116 1.232228
499.999189 1.232195
500.002023 1.232110
500.004097 1.232059
500.006931 1.232003
500.009005 1.232016
500.011839 1.232109
500.013912 1.232177
500.016746 1.232267
500.018820 1.232290
500.021654 1.232262
500.023728 1.232173
500.026561 1.231958
500.028635 1.231783
500.031469 1.231521
500.033543 1.231350
500.036377 1.231144
500.038450 1.231035
500.041284 1.230943
500.043358 1.230920
500.046192 1.230950
500.048266 1.231003
500.051099 1.231120
500.053173 1.231175
500.056007 1.231208
500.058101 1.231193
500.060988 1.231120
500.063101 1.231087
500.065988 1.231068
500.068101 1.231054
500.070988 1.231035
500.073101 1.231021
500.075988 1.231003
500.078101 1.230990
500.080988 1.230973
500.083101 1.230961
500.085988 1.230947
500.088101 1.230936
500.090988 1.230923
500.093101 1.230913
500.095988 1.230901
500.098101 1.230892
500.100988 1.230880
500.103101 1.230871
500.105988 1.230860
500.108101 1.230852
500.110988 1.230842
500.113101 1.230835
500.115988 1.230827
500.118101 1.230822
500.120988 1.230813
500.123101 1.230807
500.125988 1.230800
500.128101 1.230795
500.130988 1.230788
500.133101 1.230783
500.135988 1.230778
500.138101 1.230774
500.140988 1.230768
500.143101 1.230764
500.145988 1.230759
500.148101 1.230756
500.150988 1.230751
500.153101 1.230749
500.155988 1.230746
500.158101 1.230743
500.160988 1.230739
500.163101 1.230737
500.165988 1.230735
500.168101 1.230733
500.170988 1.230731
500.173101 1.230729
500.175988 1.230729
500.178101 1.230727
500.180988 1.230725
500.183101 1.230725
500.185988 1.230724
500.188101 1.230724
500.190988 1.230724
500.193101 1.230724
500.195988 1.230725
500.198101 1.230725
500.200988 1.230725
500.203101 1.230725
500.205988 1.230726
500.208101 1.230727
500.210988 1.230728
500.213101 1.230729
500.215988 1.230732
500.218101 1.230733
500.220988 1.230734
500.223101 1.230736
500.225988 1.230739
500.228101 1.230740
500.230988 1.230743
500.233101 1.230745
500.235988 1.230749
500.238101 1.230751
500.240988 1.230753
500.243101 1.230756
500.245988 1.230759
500.248101 1.230762
500.250988 1.230766
500.253101 1.230769
500.255988 1.230773
500.258101 1.230776
500.260988 1.230779
500.263101 1.230782
500.265988 1.230787
500.268101 1.230791
500.270988 1.230797
500.273101 1.230801
500.275988 1.230807
500.278101 1.230811
500.280988 1.230816
500.283101 1.230820
500.285988 1.230826
500.288101 1.230830
500.290988 1.230836
500.293101 1.230840
500.295988 1.230847
500.298101 1.230852
500.300988 1.230857
500.303101 1.230862
500.305988 1.230869
500.308101 1.230874
500.310988 1.230880
500.313101 1.230885
500.315988 1.230893
500.318101 1.230898
500.320988 1.230904
500.323101 1.230909
500.325988 1.230917
500.328101 1.230923
500.330988 1.230930
500.333101 1.230935
500.335988 1.230943
500.338101 1.230949
500.340988 1.230955
500.343101 1.230961
500.345988 1.230969
500.348101 1.230976
500.350988 1.230984
500.353101 1.230991
500.355988 1.231001
500.358101 1.231007
500.360988 1.231015
500.363101 1.231021
500.365988 1.231030
500.368101 1.231036
500.370988 1.231045
500.373101 1.231051
500.375988 1.231061
500.378101 1.231067
500.380988 1.231075
500.383101 1.231082
500.385988 1.231092
500.388101 1.231099
500.390988 1.231109
500.393101 1.231116
500.395988 1.231127
500.398101 1.231135
500.400988 1.231144
500.403101 1.231151
500.405988 1.231161
500.408101 1.231168
500.410988 1.231178
500.413101 1.231185
500.415988 1.231196
500.418101 1.231204
500.420988 1.231213
500.423101 1.231220
500.425988 1.231231
500.428101 1.231239
500.430988 1.231250
500.433101 1.231259
500.435988 1.231271
500.438101 1.231279
500.440988 1.231289
500.443101 1.231297
500.445988 1.231308
500.448101 1.231317
500.450988 1.231328
500.453101 1.231336
500.455988 1.231348
500.458101 1.231357
500.460988 1.231368
500.463101 1.231376
500.465988 1.231388
500.468101 1.231397
500.470988 1.231408
500.473101 1.231417
500.475988 1.231429
500.478101 1.231438
500.480988 1.231449
500.483101 1.231457
500.485988 1.231470
500.488101 1.231478
500.490988 1.231490
500.493101 1.231499
500.495988 1.231512
500.498101 1.231520
500.500988 1.231532
500.503101 1.231540
500.505988 1.231553
500.508101 1.231562
500.510988 1.231574
500.513101 1.231583
500.515988 1.231596
500.518101 1.231605
500.520988 1.231617
500.523101 1.231626
500.525988 1.231639
500.528101 1.231648
500.530988 1.231660
500.533101 1.231670
500.535988 1.231683
500.538101 1.231693
500.540988 1.231705
500.543101 1.231714
500.545988 1.231727
500.548101 1.231737
500.550988 1.231750
500.553101 1.231759
500.555988 1.231773
500.558101 1.231783
500.560988 1.231795
500.563101 1.231805
500.565988 1.231819
500.568101 1.231829
500.570988 1.231842
500.573101 1.231852
500.575988 1.231866
500.578101 1.231876
500.580988 1.231888
500.583101 1.231898
500.585988 1.231912
500.588101 1.231922
500.590988 1.231936
500.593101 1.231946
500.595988 1.231961
500.598101 1.231971
500.600988 1.231984
500.603101 1.231994
500.605988 1.232008
500.608101 1.232018
500.610988 1.232032
500.613101 1.232043
500.615988 1.232058
500.618101 1.232068
500.620988 1.232082
500.623101 1.232092
500.625988 1.232107
500.628101 1.232118
500.630988 1.232132
500.633101 1.232143
500.635988 1.232158
500.638101 1.232168
500.640988 1.232182
500.643101 1.232193
500.645988 1.232208
500.648101 1.232219
500.650988 1.232233
500.653101 1.232244
500.655988 1.232259
500.658101 1.232270
500.660988 1.232284
500.663101 1.232294
500.665988 1.232310
500.668101 1.232321
500.670988 1.232335
500.673101 1.232346
500.675988 1.232362
500.678101 1.232373
500.680988 1.232387
500.683101 1.232398
500.685988 1.232413
500.688101 1.232424
500.690988 1.232439
500.693101 1.232450
500.695988 1.232466
500.698101 1.232477
500.700988 1.232492
500.703101 1.232503
500.705988 1.232518
500.708101 1.232530
500.710988 1.232545
500.713101 1.232556
500.715988 1.232572
500.718101 1.232583
500.720988 1.232598
500.723101 1.232609
500.725988 1.232625
500.728101 1.232636
500.730988 1.232652
500.733101 1.232663
500.735988 1.232680
500.738101 1.232691
500.740988 1.232706
500.743101 1.232717
500.745988 1.232733
500.748101 1.232745
500.750988 1.232760
500.753101 1.232772
500.755988 1.232789
500.758101 1.232800
500.760988 1.232815
500.763101 1.232827
500.765988 1.232843
500.768101 1.232855
500.770988 1.232871
500.773101 1.232882
500.775988 1.232899
500.778101 1.232911
500.780988 1.232926
500.783101 1.232938
500.785988 1.232954
500.788101 1.232966
500.790988 1.232982
500.793101 1.232994
500.795988 1.233011
500.798101 1.233023
500.800988 1.233038
500.803101 1.233050
500.805988 1.233067
500.808101 1.233079
500.810988 1.233095
500.813101 1.233107
500.815988 1.233124
500.818101 1.233136
500.820988 1.233152
500.823101 1.233164
500.825988 1.233181
500.828101 1.233194
500.830988 1.233210
500.833101 1.233222
500.835988 1.233239
500.838101 1.233252
500.840988 1.233268
500.843101 1.233280
500.845988 1.233297
500.848101 1.233309
500.850988 1.233326
500.853101 1.233338
500.855988 1.233356
500.858101 1.233368
500.860988 1.233384
500.863101 1.233396
500.865988 1.233414
500.868101 1.233426
500.870988 1.233443
500.873101 1.233456
500.875988 1.233473
500.878101 1.233486
500.880988 1.233502
500.883101 1.233515
500.885988 1.233532
500.888101 1.233545
500.890988 1.233562
500.893101 1.233575
500.895988 1.233593
500.898101 1.233605
500.900988 1.233622
500.903101 1.233634
500.905988 1.233652
500.908101 1.233665
500.910988 1.233682
500.913101 1.233695
500.915988 1.233713
500.918101 1.233726
500.920988 1.233742
500.923101 1.233755
500.925988 1.233773
500.928101 1.233786
500.930988 1.233804
500.933101 1.233817
500.935988 1.233835
500.938101 1.233848
500.940988 1.233865
500.943101 1.233877
500.945988 1.233896
500.948101 1.233909
500.950988 1.233926
500.953101 1.233940
500.955988 1.233958
500.958101 1.233971
500.960988 1.233988
500.963101 1.234001
500.965988 1.234019
500.968101 1.234033
500.970988 1.234050
500.973101 1.234064
500.975988 1.234082
500.978101 1.234096
500.980988 1.234113
500.983101 1.234126
500.985988 1.234145
500.988101 1.234158
500.990988 1.234176
500.993101 1.234189
500.995988 1.234208
500.998101 1.234221
501.000988 1.234239
501.003101 1.234252
501.005988 1.234271
501.008101 1.234284
501.010988 1.234302
501.013101 1.234316
501.015988 1.234335
501.018101 1.234348
501.020988 1.234366
501.023101 1.234379
501.025988 1.234398
501.028101 1.234412
501.030988 1.234430
501.033101 1.234444
501.035988 1.234463
501.038101 1.234476
501.040988 1.234494
501.043101 1.234508
501.045988 1.234527
501.048101 1.234541
501.050988 1.234559
501.053101 1.234573
501.055988 1.234593
501.058101 1.234607
501.060988 1.234626
501.063101 1.234639
501.065988 1.234659
501.068101 1.234673
501.070988 1.234692
501.073101 1.234706
501.075988 1.234726
501.078101 1.234740
501.080988 1.234759
501.083101 1.234773
501.085988 1.234792
501.088101 1.234806
501.090988 1.234825
501.093101 1.234840
501.095988 1.234860
501.098101 1.234874
501.100988 1.234893
501.103101 1.234907
501.105988 1.234927
501.108101 1.234942
501.110988 1.234961
501.113101 1.234976
501.115988 1.234996
501.118101 1.235011
501.120988 1.235030
501.123101 1.235044
501.125988 1.235065
501.128101 1.235079
501.130988 1.235099
501.133101 1.235114
501.135988 1.235135
501.138101 1.235150
501.140988 1.235169
501.143101 1.235184
501.145988 1.235205
501.148101 1.235220
501.150988 1.235241
501.153101 1.235256
501.155988 1.235278
501.158101 1.235293
501.160988 1.235313
501.163101 1.235328
501.165988 1.235350
501.168101 1.235365
501.170988 1.235386
501.173101 1.235402
501.175988 1.235425
501.178101 1.235441
501.180988 1.235463
501.183101 1.235479
501.185988 1.235503
501.188101 1.235520
501.190988 1.235543
501.193101 1.235560
501.195988 1.235582
501.198101 1.235599
501.200988 1.235621
501.203101 1.235637
501.205988 1.235658
501.208101 1.235674
501.210988 1.235696
501.213101 1.235711
501.215988 1.235733
501.218101 1.235748
501.220988 1.235770
501.223101 1.235785
501.225988 1.235806
501.228101 1.235821
501.230988 1.235843
501.233101 1.235858
501.235988 1.235879
501.238101 1.235894
501.240988 1.235915
501.243101 1.235931
501.245988 1.235951
501.248101 1.235966
501.250988 1.235987
501.253101 1.236003
501.255988 1.236023
501.258101 1.236039
501.260988 1.236059
501.263101 1.236075
501.265988 1.236095
501.268101 1.236110
501.270988 1.236131
501.273101 1.236146
501.275988 1.236167
501.278101 1.236182
501.280988 1.236203
501.283101 1.236218
501.285988 1.236238
501.288101 1.236253
501.290988 1.236274
501.293101 1.236289
501.295988 1.236309
501.298101 1.236325
501.300988 1.236345
501.303101 1.236360
501.305988 1.236380
501.308101 1.236395
501.310988 1.236416
501.313101 1.236431
501.315988 1.236452
501.318101 1.236467
501.320988 1.236487
501.323101 1.236502
501.325988 1.236523
501.328101 1.236538
501.330988 1.236558
501.333101 1.236573
501.335988 1.236594
501.338101 1.236609
501.340988 1.236629
501.343101 1.236644
501.345988 1.236665
501.348101 1.236680
501.350988 1.236700
501.353101 1.236715
501.355988 1.236736
501.358101 1.236751
501.360988 1.236771
501.363101 1.236786
501.365988 1.236807
501.368101 1.236822
501.370988 1.236842
501.373101 1.236857
501.375988 1.236878
501.378101 1.236893
501.380988 1.236913
501.383101 1.236928
501.385988 1.236949
501.388101 1.236964
501.390988 1.236984
501.393101 1.236999
501.395988 1.237020
501.398101 1.237035
501.400988 1.237055
501.403101 1.237070
501.405988 1.237091
501.408101 1.237106
501.410988 1.237126
501.413101 1.237141
501.415988 1.237162
501.418101 1.237177
501.420988 1.237197
501.423101 1.237212
501.425988 1.237233
501.428101 1.237248
501.430988 1.237268
501.433101 1.237283
501.435988 1.237304
501.438101 1.237319
501.440988 1.237340
501.443101 1.237355
501.445988 1.237375
501.448101 1.237390
501.450988 1.237411
501.453101 1.237426
501.455988 1.237446
501.458101 1.237461
501.460988 1.237482
501.463101 1.237497
501.465988 1.237517
501.468101 1.237532
501.470988 1.237553
501.473101 1.237568
501.475988 1.237589
501.478101 1.237604
501.480988 1.237625
501.483101 1.237640
501.485988 1.237660
501.488101 1.237675
501.490988 1.237696
501.493101 1.237711
501.495988 1.237732
501.498101 1.237747
501.500988 1.237767
501.503101 1.237782
501.505988 1.237803
501.508101 1.237818
501.510988 1.237839
501.513101 1.237854
501.515988 1.237874
501.518101 1.237890
501.520988 1.237910
501.523101 1.237925
501.525988 1.237946
501.528101 1.237961
501.530988 1.237982
501.533101 1.237997
501.535988 1.238018
501.538101 1.238033
501.540988 1.238054
501.543101 1.238069
501.545988 1.238089
501.548101 1.238104
501.550988 1.238125
501.553101 1.238140
501.555988 1.238161
501.558101 1.238176
501.560988 1.238197
501.563101 1.238212
501.565988 1.238233
501.568101 1.238248
501.570988 1.238269
501.573101 1.238284
501.575988 1.238305
501.578101 1.238320
501.580988 1.238341
501.583101 1.238356
501.585988 1.238377
501.588101 1.238392
501.590988 1.238413
501.593101 1.238428
501.595988 1.238449
501.598101 1.238464
501.600988 1.238485
501.603101 1.238500
501.605988 1.238521
501.608101 1.238536
501.610988 1.238557
501.613101 1.238572
501.615988 1.238593
501.618101 1.238608
501.620988 1.238629
501.623101 1.238645
501.625988 1.238665
501.628101 1.238680
501.630988 1.238702
501.633101 1.238717
501.635988 1.238738
501.638101 1.238753
501.640988 1.238774
501.643101 1.238789
501.645988 1.238810
501.648101 1.238825
501.650988 1.238846
501.653101 1.238862
501.655988 1.238883
501.658101 1.238898
501.660988 1.238919
501.663101 1.238934
501.665988 1.238955
501.668101 1.238970
501.670988 1.238991
501.673101 1.239007
501.675988 1.239028
501.678101 1.239043
501.680988 1.239064
501.683101 1.239080
501.685988 1.239100
501.688101 1.239116
501.690988 1.239137
501.693101 1.239152
501.695988 1.239173
501.698101 1.239189
501.700988 1.239210
501.703101 1.239225
501.705988 1.239246
501.708101 1.239261
501.710988 1.239283
501.713101 1.239298
501.715988 1.239319
501.718101 1.239335
501.720988 1.239356
501.723101 1.239371
501.725988 1.239392
501.728101 1.239407
501.730988 1.239429
501.733101 1.239444
501.735988 1.239465
501.738101 1.239481
501.740988 1.239502
501.743101 1.239518
501.745988 1.239538
501.748101 1.239554
501.750988 1.239575
501.753101 1.239591
501.755988 1.239612
501.758101 1.239627
501.760988 1.239649
501.763101 1.239664
501.765988 1.239685
501.768101 1.239701
501.770988 1.239722
501.773101 1.239737
501.775988 1.239759
501.778101 1.239774
501.780988 1.239796
501.783101 1.239811
501.785988 1.239832
501.788101 1.239848
501.790988 1.239869
501.793101 1.239885
501.795988 1.239906
501.798101 1.239921
501.800988 1.239943
501.803101 1.239958
501.805988 1.239979
501.808101 1.239995
501.810988 1.240016
501.813101 1.240032
501.815988 1.240053
501.818101 1.240069
501.820988 1.240090
501.823101 1.240106
501.825988 1.240127
501.828101 1.240143
501.830988 1.240164
501.833101 1.240180
501.835988 1.240201
501.838101 1.240217
501.840988 1.240238
501.843101 1.240254
501.845988 1.240275
501.848101 1.240291
501.850988 1.240312
501.853101 1.240328
501.855988 1.240349
501.858101 1.240365
501.860988 1.240387
501.863101 1.240402
501.865988 1.240423
501.868101 1.240439
501.870988 1.240461
501.873101 1.240476
501.875988 1.240498
501.878101 1.240514
501.880988 1.240535
501.883101 1.240551
501.885988 1.240572
501.888101 1.240588
501.890988 1.240609
501.893101 1.240625
501.895988 1.240647
501.898101 1.240663
501.900988 1.240684
501.903101 1.240700
501.905988 1.240721
501.908101 1.240737
501.910988 1.240759
501.913101 1.240774
501.915988 1.240796
501.918101 1.240812
501.920988 1.240833
501.923101 1.240849
501.925988 1.240870
501.928101 1.240886
501.930988 1.240908
501.933101 1.240924
501.935988 1.240945
501.938101 1.240961
501.940988 1.240983
501.943101 1.240999
501.945988 1.241020
501.948101 1.241036
501.950988 1.241058
501.953101 1.241074
501.955988 1.241095
501.958101 1.241111
501.960988 1.241133
501.963101 1.241149
501.965988 1.241170
501.968101 1.241186
501.970988 1.241208
501.973101 1.241224
501.975988 1.241246
501.978101 1.241262
501.980988 1.241283
501.983101 1.241299
501.985988 1.241321
501.988101 1.241337
501.990988 1.241358
501.993101 1.241374
501.995988 1.241396
501.998101 1.241412
502.000988 1.241434
502.003101 1.241450
502.005988 1.241471
502.008101 1.241487
502.010988 1.241509
502.013101 1.241525
502.015988 1.241547
502.018101 1.241563
502.020988 1.241585
502.023101 1.241601
502.025988 1.241623
502.028101 1.241639
502.030988 1.241661
502.033101 1.241677
502.035988 1.241698
502.038101 1.241715
502.040988 1.241736
502.043101 1.241752
502.045988 1.241774
502.048101 1.241790
502.050988 1.241812
502.053101 1.241828
502.055988 1.241850
502.058101 1.241866
502.060988 1.241888
502.063101 1.241904
502.065988 1.241926
502.068101 1.241942
502.070988 1.241964
502.073101 1.241980
502.075988 1.242002
502.078101 1.242018
502.080988 1.242040
502.083101 1.242056
502.085988 1.242078
502.088101 1.242094
502.090988 1.242116
502.093101 1.242133
502.095988 1.242155
502.098101 1.242171
502.100988 1.242193
502.103101 1.242209
502.105988 1.242231
502.108101 1.242247
502.110988 1.242269
502.113101 1.242285
502.115988 1.242307
502.118101 1.242323
502.120988 1.242346
502.123101 1.242362
502.125988 1.242384
502.128101 1.242400
502.130988 1.242422
502.133101 1.242438
502.135988 1.242460
502.138101 1.242477
502.140988 1.242499
502.143101 1.242515
502.145988 1.242537
502.148101 1.242553
502.150988 1.242575
502.153101 1.242592
502.155988 1.242614
502.158101 1.242630
502.160988 1.242652
502.163101 1.242669
502.165988 1.242690
502.168101 1.242707
502.170988 1.242729
502.173101 1.242745
502.175988 1.242768
502.178101 1.242784
502.180988 1.242806
502.183101 1.242822
502.185988 1.242844
502.188101 1.242861
502.190988 1.242883
502.193101 1.242899
502.195988 1.242922
502.198101 1.242938
502.200988 1.242960
502.203101 1.242977
502.205988 1.242999
502.208101 1.243015
502.210988 1.243038
502.213101 1.243054
502.215988 1.243076
502.218101 1.243093
502.220988 1.243115
502.223101 1.243131
502.225988 1.243153
502.228101 1.243170
502.230988 1.243192
502.233101 1.243209
502.235988 1.243231
502.238101 1.243248
502.240988 1.243270
502.243101 1.243286
502.245988 1.243309
502.248101 1.243325
502.250988 1.243347
502.253101 1.243364
502.255988 1.243386
502.258101 1.243403
502.260988 1.243425
502.263101 1.243442
502.265988 1.243464
502.268101 1.243480
502.270988 1.243503
502.273101 1.243520
502.275988 1.243542
502.278101 1.243559
502.280988 1.243581
502.283101 1.243598
502.285988 1.243620
502.288101 1.243636
502.290988 1.243659
502.293101 1.243675
502.295988 1.243698
502.298101 1.243715
502.300988 1.243737
502.303101 1.243754
502.305988 1.243776
502.308101 1.243792
502.310988 1.243815
502.313101 1.243832
502.315988 1.243854
502.318101 1.243871
502.320988 1.243894
502.323101 1.243910
502.325988 1.243932
502.328101 1.243949
502.330988 1.243972
502.333101 1.243988
502.335988 1.244011
502.338101 1.244028
502.340988 1.244050
502.343101 1.244067
502.345988 1.244089
502.348101 1.244106
502.350988 1.244129
502.353101 1.244145
502.355988 1.244168
502.358101 1.244185
502.360988 1.244208
502.363101 1.244224
502.365988 1.244247
502.368101 1.244263
502.370988 1.244286
502.373101 1.244303
502.375988 1.244326
502.378101 1.244342
502.380988 1.244365
502.383101 1.244382
502.385988 1.244404
502.388101 1.244421
502.390988 1.244444
502.393101 1.244460
502.395988 1.244483
502.398101 1.244500
502.400988 1.244523
502.403101 1.244540
502.405988 1.244562
502.408101 1.244579
502.410988 1.244602
502.413101 1.244619
502.415988 1.244641
502.418101 1.244658
502.420988 1.244681
502.423101 1.244698
502.425988 1.244720
502.428101 1.244737
502.430988 1.244760
502.433101 1.244777
502.435988 1.244800
502.438101 1.244817
502.440988 1.244840
502.443101 1.244856
502.445988 1.244879
502.448101 1.244896
502.450988 1.244919
502.453101 1.244936
502.455988 1.244959
502.458101 1.244976
502.460988 1.244999
502.463101 1.245016
502.465988 1.245038
502.468101 1.245055
502.470988 1.245078
502.473101 1.245095
502.475988 1.245118
502.478101 1.245135
502.480988 1.245158
502.483101 1.245175
502.485988 1.245198
502.488101 1.245215
502.490988 1.245238
502.493101 1.245255
502.495988 1.245278
502.498101 1.245295
502.500988 1.245318
502.503101 1.245335
502.505988 1.245358
502.508101 1.245374
502.510988 1.245398
502.513101 1.245415
502.515988 1.245438
502.518101 1.245455
502.520988 1.245478
502.523101 1.245495
502.525988 1.245518
502.528101 1.245535
502.530988 1.245558
502.533101 1.245575
502.535988 1.245598
502.538101 1.245615
502.540988 1.245638
502.543101 1.245655
502.545988 1.245678
502.548101 1.245695
502.550988 1.245719
502.553101 1.245736
502.555988 1.245759
502.558101 1.245776
502.560988 1.245799
502.563101 1.245816
502.565988 1.245839
502.568101 1.245856
502.570988 1.245880
502.573101 1.245897
502.575988 1.245920
502.578101 1.245937
502.580988 1.245960
502.583101 1.245977
502.585988 1.246000
502.588101 1.246017
502.590988 1.246041
502.593101 1.246058
502.595988 1.246081
502.598101 1.246099
502.600988 1.246122
502.603101 1.246139
502.605988 1.246162
502.608101 1.246179
502.610988 1.246203
502.613101 1.246220
502.615988 1.246243
502.618101 1.246260
502.620988 1.246284
502.623101 1.246301
502.625988 1.246324
502.628101 1.246341
502.630988 1.246365
502.633101 1.246382
502.635988 1.246405
502.638101 1.246423
502.640988 1.246446
502.643101 1.246463
502.645988 1.246486
502.648101 1.246504
502.650988 1.246527
502.653101 1.246545
502.655988 1.246568
502.658101 1.246585
502.660988 1.246609
502.663101 1.246626
502.665988 1.246649
502.668101 1.246666
502.670988 1.246690
502.673101 1.246707
502.675988 1.246731
502.678101 1.246748
502.680988 1.246772
502.683101 1.246789
502.685988 1.246812
502.688101 1.246830
502.690988 1.246853
502.693101 1.246871
502.695988 1.246894
502.698101 1.246912
502.700988 1.246935
502.703101 1.246953
502.705988 1.246976
502.708101 1.246993
502.710988 1.247017
502.713101 1.247034
502.715988 1.247058
502.718101 1.247075
502.720988 1.247099
502.723101 1.247116
502.725988 1.247140
502.728101 1.247157
502.730988 1.247181
502.733101 1.247198
502.735988 1.247222
502.738101 1.247239
502.740988 1.247263
502.743101 1.247281
502.745988 1.247304
502.748101 1.247321
502.750988 1.247345
502.753101 1.247363
502.755988 1.247386
502.758101 1.247404
502.760988 1.247428
502.763101 1.247445
502.765988 1.247469
502.768101 1.247486
502.770988 1.247510
502.773101 1.247527
502.775988 1.247551
502.778101 1.247569
502.780988 1.247593
502.783101 1.247610
502.785988 1.247634
502.788101 1.247651
502.790988 1.247675
502.793101 1.247693
502.795988 1.247716
502.798101 1.247734
502.800988 1.247758
502.803101 1.247775
502.805988 1.247799
502.808101 1.247816
502.810988 1.247841
502.813101 1.247858
502.815988 1.247882
502.818101 1.247900
502.820988 1.247924
502.823101 1.247941
502.825988 1.247965
502.828101 1.247982
502.830988 1.248006
502.833101 1.248024
502.835988 1.248048
502.838101 1.248066
502.840988 1.248090
502.843101 1.248107
502.845988 1.248131
502.848101 1.248148
502.850988 1.248173
502.853101 1.248190
502.855988 1.248214
502.858101 1.248232
502.860988 1.248256
502.863101 1.248274
502.865988 1.248297
502.868101 1.248315
502.870988 1.248339
502.873101 1.248357
502.875988 1.248381
502.878101 1.248399
502.880988 1.248423
502.883101 1.248440
502.885988 1.248464
502.888101 1.248482
502.890988 1.248506
502.893101 1.248524
502.895988 1.248548
502.898101 1.248566
502.900988 1.248590
502.903101 1.248608
502.905988 1.248631
502.908101 1.248649
502.910988 1.248673
502.913101 1.248691
502.915988 1.248715
502.918101 1.248733
502.920988 1.248757
502.923101 1.248775
502.925988 1.248799
502.928101 1.248817
502.930988 1.248841
502.933101 1.248859
502.935988 1.248883
502.938101 1.248901
502.940988 1.248925
502.943101 1.248943
502.945988 1.248967
502.948101 1.248985
502.950988 1.249009
502.953101 1.249027
502.955988 1.249051
502.958101 1.249069
502.960988 1.249094
502.963101 1.249111
502.965988 1.249135
502.968101 1.249153
502.970988 1.249178
502.973101 1.249196
502.975988 1.249220
502.978101 1.249238
502.980988 1.249262
502.983101 1.249280
502.985988 1.249304
502.988101 1.249322
502.990988 1.249347
502.993101 1.249364
502.995988 1.249389
502.998101 1.249407
503.000988 1.249431
503.003101 1.249449
503.005988 1.249473
503.008101 1.249491
503.010988 1.249516
503.013101 1.249534
503.015988 1.249558
503.018101 1.249576
503.020988 1.249601
503.023101 1.249619
503.025988 1.249643
503.028101 1.249661
503.030988 1.249685
503.033101 1.249703
503.035988 1.249728
503.038101 1.249746
503.040988 1.249770
503.043101 1.249788
503.045988 1.249813
503.048101 1.249831
503.050988 1.249855
503.053101 1.249873
503.055988 1.249898
503.058101 1.249916
503.060988 1.249940
503.063101 1.249958
503.065988 1.249983
503.068101 1.250001
503.070988 1.250026
503.073101 1.250044
503.075988 1.250068
503.078101 1.250086
503.080988 1.250111
503.083101 1.250129
503.085988 1.250153
503.088101 1.250171
503.090988 1.250196
503.093101 1.250214
503.095988 1.250239
503.098101 1.250257
503.100988 1.250282
503.103101 1.250300
503.105988 1.250324
503.108101 1.250342
503.110988 1.250367
503.113101 1.250385
503.115988 1.250410
503.118101 1.250428
503.120988 1.250453
503.123101 1.250471
503.125988 1.250496
503.128101 1.250514
503.130988 1.250539
503.133101 1.250557
503.135988 1.250582
503.138101 1.250600
503.140988 1.250625
503.143101 1.250643
503.145988 1.250667
503.148101 1.250685
503.150988 1.250710
503.153101 1.250729
503.155988 1.250753
503.158101 1.250772
503.160988 1.250797
503.163101 1.250815
503.165988 1.250839
503.168101 1.250857
503.170988 1.250882
503.173101 1.250901
503.175988 1.250926
503.178101 1.250944
503.180988 1.250969
503.183101 1.250987
503.185988 1.251012
503.188101 1.251030
503.190988 1.251055
503.193101 1.251073
503.195988 1.251098
503.198101 1.251116
503.200988 1.251142
503.203101 1.251160
503.205988 1.251184
503.208101 1.251203
503.210988 1.251228
503.213101 1.251246
503.215988 1.251271
503.218101 1.251289
503.220988 1.251315
503.223101 1.251333
503.225988 1.251358
503.228101 1.251376
503.230988 1.251401
503.233101 1.251419
503.235988 1.251444
503.238101 1.251463
503.240988 1.251488
503.243101 1.251506
503.245988 1.251531
503.248101 1.251549
503.250988 1.251574
503.253101 1.251593
503.255988 1.251618
503.258101 1.251636
503.260988 1.251662
503.263101 1.251680
503.265988 1.251705
503.268101 1.251723
503.270988 1.251748
503.273101 1.251767
503.275988 1.251792
503.278101 1.251810
503.280988 1.251836
503.283101 1.251854
503.285988 1.251879
503.288101 1.251897
503.290988 1.251923
503.293101 1.251941
503.295988 1.251966
503.298101 1.251985
503.300988 1.252010
503.303101 1.252028
503.305988 1.252053
503.308101 1.252072
503.310988 1.252097
503.313101 1.252116
503.315988 1.252141
503.318101 1.252159
503.320988 1.252185
503.323101 1.252203
503.325988 1.252228
503.328101 1.252247
503.330988 1.252272
503.333101 1.252291
503.335988 1.252316
503.338101 1.252334
503.340988 1.252360
503.343101 1.252378
503.345988 1.252403
503.348101 1.252422
503.350988 1.252447
503.353101 1.252466
503.355988 1.252491
503.358101 1.252510
503.360988 1.252535
503.363101 1.252554
503.365988 1.252579
503.368101 1.252597
503.370988 1.252623
503.373101 1.252641
503.375988 1.252667
503.378101 1.252685
503.380988 1.252711
503.383101 1.252729
503.385988 1.252754
503.388101 1.252773
503.390988 1.252798
503.393101 1.252817
503.395988 1.252842
503.398101 1.252861
503.400988 1.252887
503.403101 1.252905
503.405988 1.252930
503.408101 1.252949
503.410988 1.252974
503.413101 1.252993
503.415988 1.253019
503.418101 1.253037
503.420988 1.253063
503.423101 1.253081
503.425988 1.253107
503.428101 1.253125
503.430988 1.253151
503.433101 1.253170
503.435988 1.253195
503.438101 1.253214
503.440988 1.253239
503.443101 1.253258
503.445988 1.253283
503.448101 1.253302
503.450988 1.253327
503.453101 1.253346
503.455988 1.253372
503.458101 1.253390
503.460988 1.253416
503.463101 1.253435
503.465988 1.253460
503.468101 1.253479
503.470988 1.253504
503.473101 1.253523
503.475988 1.253549
503.478101 1.253567
503.480988 1.253593
503.483101 1.253612
503.485988 1.253637
503.488101 1.253656
503.490988 1.253681
503.493101 1.253700
503.495988 1.253726
503.498101 1.253744
503.500988 1.253770
503.503101 1.253789
503.505988 1.253814
503.508101 1.253833
503.510988 1.253858
503.513101 1.253877
503.515988 1.253903
503.518101 1.253922
503.520988 1.253947
503.523101 1.253966
503.525988 1.253991
503.528101 1.254010
503.530988 1.254036
503.533101 1.254055
503.535988 1.254080
503.538101 1.254099
503.540988 1.254125
503.543101 1.254143
503.545988 1.254169
503.548101 1.254188
503.550988 1.254213
503.553101 1.254232
503.555988 1.254258
503.558101 1.254277
503.560988 1.254302
503.563101 1.254321
503.565988 1.254346
503.568101 1.254365
503.570988 1.254391
503.573101 1.254410
503.575988 1.254435
503.578101 1.254454
503.580988 1.254480
503.583101 1.254499
503.585988 1.254524
503.588101 1.254543
503.590988 1.254568
503.593101 1.254587
503.595988 1.254613
503.598101 1.254632
503.600988 1.254657
503.603101 1.254676
503.605988 1.254701
503.608101 1.254720
503.610988 1.254746
503.613101 1.254765
503.615988 1.254790
503.618101 1.254809
503.620988 1.254835
503.623101 1.254853
503.625988 1.254879
503.628101 1.254898
503.630988 1.254923
503.633101 1.254942
503.635988 1.254968
503.638101 1.254986
503.640988 1.255012
503.643101 1.255031
503.645988 1.255056
503.648101 1.255075
503.650988 1.255100
503.653101 1.255119
503.655988 1.255144
503.658101 1.255163
503.660988 1.255189
503.663101 1.255207
503.665988 1.255233
503.668101 1.255251
503.670988 1.255277
503.673101 1.255295
503.675988 1.255321
503.678101 1.255339
503.680988 1.255365
503.683101 1.255383
503.685988 1.255408
503.688101 1.255427
503.690988 1.255452
503.693101 1.255471
503.695988 1.255496
503.698101 1.255515
503.700988 1.255540
503.703101 1.255558
503.705988 1.255583
503.708101 1.255601
503.710988 1.255627
503.713101 1.255645
503.715988 1.255670
503.718101 1.255688
503.720988 1.255713
503.723101 1.255731
503.725988 1.255756
503.728101 1.255774
503.730988 1.255798
503.733101 1.255816
503.735988 1.255841
503.738101 1.255858
503.740988 1.255882
503.743101 1.255899
503.745988 1.255923
503.748101 1.255939
503.750988 1.255962
503.753101 1.255980
503.755988 1.256004
503.758101 1.256021
503.760988 1.256044
503.763101 1.256061
503.765988 1.256086
503.768101 1.256104
503.770988 1.256128
503.773101 1.256146
503.775988 1.256172
503.778101 1.256190
503.780988 1.256214
503.783101 1.256233
503.785988 1.256258
503.788101 1.256277
503.790988 1.256302
503.793101 1.256321
503.795988 1.256347
503.798101 1.256366
503.800988 1.256391
503.803101 1.256409
503.805988 1.256436
503.808101 1.256455
503.810988 1.256480
503.813101 1.256499
503.815988 1.256526
503.818101 1.256545
503.820988 1.256570
503.823101 1.256589
503.825988 1.256616
503.828101 1.256635
503.830988 1.256661
503.833101 1.256681
503.835988 1.256708
503.838101 1.256727
503.840988 1.256753
503.843101 1.256772
503.845988 1.256799
503.848101 1.256819
503.850988 1.256845
503.853101 1.256865
503.855988 1.256892
503.858101 1.256912
503.860988 1.256937
503.863101 1.256957
503.865988 1.256984
503.868101 1.257004
503.870988 1.257031
503.873101 1.257050
503.875988 1.257078
503.878101 1.257098
503.880988 1.257124
503.883101 1.257144
503.885988 1.257171
503.888101 1.257191
503.890988 1.257218
503.893101 1.257238
503.895988 1.257266
503.898101 1.257286
503.900988 1.257313
503.903101 1.257333
503.905988 1.257361
503.908101 1.257381
503.910988 1.257408
503.913101 1.257428
503.915988 1.257456
503.918101 1.257476
503.920988 1.257503
503.923101 1.257523
503.925988 1.257551
503.928101 1.257571
503.930988 1.257598
503.933101 1.257619
503.935988 1.257648
503.938101 1.257668
503.940988 1.257695
503.943101 1.257715
503.945988 1.257744
503.948101 1.257764
503.950988 1.257792
503.953101 1.257812
503.955988 1.257841
503.958101 1.257861
503.960988 1.257888
503.963101 1.257909
503.965988 1.257937
503.968101 1.257957
503.970988 1.257985
503.973101 1.258006
503.975988 1.258034
503.978101 1.258055
503.980988 1.258082
503.983101 1.258103
503.985988 1.258131
503.988101 1.258152
503.990988 1.258180
503.993101 1.258201
503.995988 1.258230
503.998101 1.258250
504.000988 1.258278
504.003101 1.258299
504.005988 1.258327
504.008101 1.258348
504.010988 1.258377
504.013101 1.258398
504.015988 1.258427
504.018101 1.258448
504.020988 1.258476
504.023101 1.258497
504.025988 1.258526
504.028101 1.258547
504.030988 1.258576
504.033101 1.258597
504.035988 1.258626
504.038101 1.258647
504.040988 1.258675
504.043101 1.258696
504.045988 1.258725
504.048101 1.258746
504.050988 1.258775
504.053101 1.258796
504.055988 1.258826
504.058101 1.258848
504.060988 1.258876
504.063101 1.258897
504.065988 1.258927
504.068101 1.258948
504.070988 1.258977
504.073101 1.258999
504.075988 1.259029
504.078101 1.259050
504.080988 1.259079
504.083101 1.259100
504.085988 1.259130
504.088101 1.259151
504.090988 1.259180
504.093101 1.259202
504.095988 1.259232
504.098101 1.259253
504.100988 1.259282
504.103101 1.259303
504.105988 1.259333
504.108101 1.259355
504.110988 1.259384
504.113101 1.259406
504.115988 1.259436
504.118101 1.259458
504.120988 1.259486
504.123101 1.259508
504.125988 1.259538
504.128101 1.259560
504.130988 1.259589
504.133101 1.259611
504.135988 1.259641
504.138101 1.259663
504.140988 1.259692
504.143101 1.259713
504.145988 1.259744
504.148101 1.259766
504.150988 1.259795
504.153101 1.259817
504.155988 1.259848
504.158101 1.259869
504.160988 1.259899
504.163101 1.259920
504.165988 1.259951
504.168101 1.259973
504.170988 1.260002
504.173101 1.260025
504.175988 1.260055
504.178101 1.260077
504.180988 1.260106
504.183101 1.260128
504.185988 1.260159
504.188101 1.260181
504.190988 1.260211
504.193101 1.260233
504.195988 1.260264
504.198101 1.260286
504.200988 1.260315
504.203101 1.260338
504.205988 1.260368
504.208101 1.260391
504.210988 1.260421
504.213101 1.260443
504.215988 1.260474
504.218101 1.260496
504.220988 1.260526
504.223101 1.260548
504.225988 1.260579
504.228101 1.260601
504.230988 1.260632
504.233101 1.260654
504.235988 1.260685
504.238101 1.260708
504.240988 1.260737
504.243101 1.260760
504.245988 1.260791
504.248101 1.260813
504.250988 1.260844
504.253101 1.260867
504.255988 1.260898
504.258101 1.260920
504.260988 1.260950
504.263101 1.260973
504.265988 1.261004
504.268101 1.261027
504.270988 1.261058
504.273101 1.261080
504.275988 1.261112
504.278101 1.261134
504.280988 1.261165
504.283101 1.261187
504.285988 1.261219
504.288101 1.261242
504.290988 1.261272
504.293101 1.261295
504.295988 1.261327
504.298101 1.261350
504.300988 1.261380
504.303101 1.261403
504.305988 1.261435
504.308101 1.261458
504.310988 1.261489
504.313101 1.261512
504.315988 1.261544
504.318101 1.261567
504.320988 1.261597
504.323101 1.261620
504.325988 1.261652
504.328101 1.261675
504.330988 1.261706
504.333101 1.261730
504.335988 1.261762
504.338101 1.261785
504.340988 1.261815
504.343101 1.261839
504.345988 1.261871
504.348101 1.261894
504.350988 1.261925
504.353101 1.261949
504.355988 1.261981
504.358101 1.262004
504.360988 1.262035
504.363101 1.262058
504.365988 1.262091
504.368101 1.262114
504.370988 1.262146
504.373101 1.262169
504.375988 1.262202
504.378101 1.262225
504.380988 1.262256
504.383101 1.262280
504.385988 1.262312
504.388101 1.262336
504.390988 1.262368
504.393101 1.262391
504.395988 1.262424
504.398101 1.262448
504.400988 1.262479
504.403101 1.262502
504.405988 1.262535
504.408101 1.262559
504.410988 1.262591
504.413101 1.262615
504.415988 1.262648
504.418101 1.262672
504.420988 1.262703
504.423101 1.262727
504.425988 1.262760
504.428101 1.262784
504.430988 1.262816
504.433101 1.262840
504.435988 1.262873
504.438101 1.262897
504.440988 1.262929
504.443101 1.262953
504.445988 1.262986
504.448101 1.263010
504.450988 1.263042
504.453101 1.263067
504.455988 1.263100
504.458101 1.263124
504.460988 1.263156
504.463101 1.263180
504.465988 1.263213
504.468101 1.263238
504.470988 1.263270
504.473101 1.263295
504.475988 1.263328
504.478101 1.263353
504.480988 1.263385
504.483101 1.263409
504.485988 1.263443
504.488101 1.263467
504.490988 1.263500
504.493101 1.263525
504.495988 1.263559
504.498101 1.263583
504.500988 1.263615
504.503101 1.263640
504.505988 1.263674
504.508101 1.263698
504.510988 1.263731
504.513101 1.263756
504.515988 1.263790
504.518101 1.263815
504.520988 1.263848
504.523101 1.263872
504.525988 1.263906
504.528101 1.263931
504.530988 1.263965
504.533101 1.263989
504.535988 1.264024
504.538101 1.264048
504.540988 1.264082
504.543101 1.264106
504.545988 1.264141
504.548101 1.264166
504.550988 1.264199
504.553101 1.264224
504.555988 1.264259
504.558101 1.264284
504.560988 1.264317
504.563101 1.264342
504.565988 1.264377
504.568101 1.264402
504.570988 1.264436
504.573101 1.264461
504.575988 1.264496
504.578101 1.264521
504.580988 1.264555
504.583101 1.264580
504.585988 1.264615
504.588101 1.264640
504.590988 1.264675
504.593101 1.264700
504.595988 1.264735
504.598101 1.264760
504.600988 1.264794
504.603101 1.264820
504.605988 1.264855
504.608101 1.264880
504.610988 1.264915
504.613101 1.264941
504.615988 1.264976
504.618101 1.265002
504.620988 1.265036
504.623101 1.265061
504.625988 1.265097
504.628101 1.265123
504.630988 1.265157
504.633101 1.265183
504.635988 1.265219
504.638101 1.265245
504.640988 1.265279
504.643101 1.265305
504.645988 1.265341
504.648101 1.265367
504.650988 1.265402
504.653101 1.265428
504.655988 1.265464
504.658101 1.265490
504.660988 1.265525
504.663101 1.265551
504.665988 1.265587
504.668101 1.265613
504.670988 1.265649
504.673101 1.265675
504.675988 1.265711
504.678101 1.265737
504.680988 1.265772
504.683101 1.265799
504.685988 1.265835
504.688101 1.265862
504.690988 1.265897
504.693101 1.265924
504.695988 1.265961
504.698101 1.265987
504.700988 1.266022
504.703101 1.266049
504.705988 1.266086
504.708101 1.266112
504.710988 1.266148
504.713101 1.266175
504.715988 1.266212
504.718101 1.266238
504.720988 1.266274
504.723101 1.266301
504.725988 1.266338
504.728101 1.266365
504.730988 1.266401
504.733101 1.266428
504.735988 1.266466
504.738101 1.266493
504.740988 1.266529
504.743101 1.266556
504.745988 1.266593
504.748101 1.266620
504.750988 1.266657
504.753101 1.266685
504.755988 1.266723
504.758101 1.266750
504.760988 1.266787
504.763101 1.266814
504.765988 1.266852
504.768101 1.266879
504.770988 1.266916
504.773101 1.266944
504.775988 1.266982
504.778101 1.267010
504.780988 1.267047
504.783101 1.267074
504.785988 1.267112
504.788101 1.267140
504.790988 1.267178
504.793101 1.267206
504.795988 1.267244
504.798101 1.267272
504.800988 1.267309
504.803101 1.267337
504.805988 1.267376
504.808101 1.267404
504.810988 1.267443
504.813101 1.267472
504.815988 1.267512
504.818101 1.267541
504.820988 1.267579
504.823101 1.267607
504.825988 1.267646
504.828101 1.267675
504.830988 1.267714
504.833101 1.267742
504.835988 1.267782
504.838101 1.267811
504.840988 1.267849
504.843101 1.267878
504.845988 1.267918
504.848101 1.267948
504.850988 1.267988
504.853101 1.268017
504.855988 1.268059
504.858101 1.268088
504.860988 1.268128
504.863101 1.268157
504.865988 1.268197
504.868101 1.268227
504.870988 1.268267
504.873101 1.268297
504.875988 1.268338
504.878101 1.268368
504.880988 1.268407
504.883101 1.268437
504.885988 1.268479
504.888101 1.268509
504.890988 1.268551
504.893101 1.268582
504.895988 1.268624
504.898101 1.268655
504.900988 1.268696
504.903101 1.268726
504.905988 1.268769
504.908101 1.268799
504.910988 1.268841
504.913101 1.268872
504.915988 1.268915
504.918101 1.268946
504.920988 1.268988
504.923101 1.269019
504.925988 1.269063
504.928101 1.269094
504.930988 1.269137
504.933101 1.269169
504.935988 1.269213
504.938101 1.269245
504.940988 1.269287
504.943101 1.269319
504.945988 1.269363
504.948101 1.269396
504.950988 1.269440
504.953101 1.269472
504.955988 1.269517
504.958101 1.269550
504.960988 1.269594
504.963101 1.269626
504.965988 1.269672
504.968101 1.269705
504.970988 1.269750
504.973101 1.269783
504.975988 1.269830
504.978101 1.269864
504.980988 1.269909
504.983101 1.269942
504.985988 1.269990
504.988101 1.270024
504.990988 1.270071
504.993101 1.270105
504.995988 1.270153
504.998101 1.270188
505.000988 1.270235
505.003101 1.270271
505.005988 1.270320
505.008101 1.270356
505.010988 1.270405
505.013101 1.270441
505.015988 1.270492
505.018101 1.270529
505.020988 1.270578
505.023101 1.270616
505.025988 1.270668
505.028101 1.270706
505.030988 1.270758
505.033101 1.270797
505.035988 1.270852
505.038101 1.270892
505.040988 1.270946
505.043101 1.270987
505.045988 1.271045
505.048101 1.271088
505.050988 1.271147
505.053101 1.271194
505.055988 1.271264
