2.071541 1.294787
7.731097 1.294785
11.833580 1.294783
17.382216 1.294778
21.404293 1.294774
26.844176 1.294767
30.787422 1.294760
36.120689 1.294750
39.986651 1.294742
45.215387 1.294729
49.005577 1.294719
54.131835 1.294703
57.847741 1.294691
62.873526 1.294674
66.516601 1.294660
71.443884 1.294640
75.015558 1.294625
79.846269 1.294602
83.347940 1.294585
88.083972 1.294561
91.517013 1.294543
96.160221 1.294516
99.525976 1.294496
104.078181 1.294468
107.377969 1.294447
111.840952 1.294417
115.076067 1.294394
119.451579 1.294362
122.623287 1.294338
126.913041 1.294304
130.022586 1.294278
134.228264 1.294242
137.276864 1.294215
141.400113 1.294178
144.388961 1.294149
148.431397 1.294110
151.361666 1.294081
155.324873 1.294040
158.197710 1.294009
162.083240 1.293966
164.899771 1.293934
168.709147 1.293890
171.470476 1.293857
175.205191 1.293811
177.912400 1.293777
181.573916 1.293729
184.228065 1.293694
187.817818 1.293645
190.419948 1.293609
193.939344 1.293558
196.490473 1.293520
199.940891 1.293468
202.442019 1.293429
205.824811 1.293375
208.276919 1.293335
211.593410 1.293279
213.997458 1.293238
217.248948 1.293182
219.605878 1.293139
222.793641 1.293081
225.104377 1.293037
228.229661 1.292977
230.495107 1.292933
233.559138 1.292870
235.780184 1.292825
238.784162 1.292762
240.961676 1.292716
243.906776 1.292651
246.041612 1.292603
248.928991 1.292537
251.021986 1.292488
253.852775 1.292421
255.904748 1.292371
258.680054 1.292302
260.691810 1.292251
263.412722 1.292181
265.385049 1.292129
268.052632 1.292058
269.986302 1.292004
272.601603 1.291931
274.497375 1.291876
277.061418 1.291802
278.920033 1.291747
281.433822 1.291670
283.256010 1.291614
285.720530 1.291536
287.507004 1.291478
289.923221 1.291399
291.674680 1.291341
294.043541 1.291261
295.760673 1.291201
298.083105 1.291119
299.766583 1.291059
302.043497 1.290975
303.693980 1.290914
305.926267 1.290829
307.544401 1.290766
309.732938 1.290680
311.319357 1.290616
313.465000 1.290528
315.020326 1.290463
317.123916 1.290375
318.648759 1.290309
320.711119 1.290218
322.206076 1.290151
324.228015 1.290059
325.693672 1.289991
327.675982 1.289897
329.112913 1.289828
331.056371 1.289733
332.465139 1.289663
334.370506 1.289567
335.751663 1.289496
337.619687 1.289398
338.973774 1.289326
340.805185 1.289227
342.132733 1.289154
343.928249 1.289054
345.229778 1.288980
346.990103 1.288878
348.266123 1.288803
349.991947 1.288700
351.242957 1.288623
352.934957 1.288518
354.161448 1.288441
355.820285 1.288334
357.022738 1.288256
358.649063 1.288148
359.827948 1.288069
361.422397 1.287960
362.578177 1.287880
364.141377 1.287770
365.274504 1.287689
366.807066 1.287577
367.917985 1.287495
369.420509 1.287382
370.509654 1.287299
371.982730 1.287184
373.050529 1.287100
374.494734 1.286984
375.541604 1.286898
376.957503 1.286781
377.983855 1.286695
379.372003 1.286577
380.378240 1.286490
381.739181 1.286370
382.725696 1.286282
384.059964 1.286160
385.027144 1.286071
386.335261 1.285949
387.283484 1.285859
388.565963 1.285734
389.495603 1.285643
390.752945 1.285518
391.664364 1.285426
392.897064 1.285300
393.790619 1.285207
394.999158 1.285079
395.875201 1.284985
397.060053 1.284855
397.918926 1.284760
399.080556 1.284630
399.922595 1.284534
401.061458 1.284402
401.886994 1.284305
403.003536 1.284172
403.812891 1.284074
404.907550 1.283940
405.701042 1.283841
406.774246 1.283706
407.552187 1.283606
408.604357 1.283469
409.367050 1.283369
410.398598 1.283231
411.146343 1.283130
412.157673 1.282990
412.890763 1.282887
413.882272 1.282747
414.600993 1.282644
415.573069 1.282501
416.277704 1.282397
417.230728 1.282254
417.921553 1.282149
418.855897 1.282005
419.533182 1.281899
420.449215 1.281753
421.113225 1.281646
422.011304 1.281499
422.662300 1.281391
423.542777 1.281244
424.181014 1.281135
425.044234 1.280986
425.669962 1.280877
426.516264 1.280727
427.129728 1.280617
427.959442 1.280465
428.560883 1.280353
429.374335 1.280201
429.963988 1.280089
430.761497 1.279936
431.339593 1.279823
432.121472 1.279668
432.688238 1.279554
433.454792 1.279398
434.010449 1.279284
434.761979 1.279127
435.306746 1.279012
436.043547 1.278853
436.577637 1.278737
437.299997 1.278578
437.823619 1.278461
438.531820 1.278301
439.045180 1.278183
439.739501 1.278022
440.242799 1.277903
440.923512 1.277740
441.416946 1.277621
442.084317 1.277458
442.568080 1.277339
443.222371 1.277174
443.696652 1.277053
444.338121 1.276887
444.803106 1.276765
445.432002 1.276598
445.887874 1.276476
446.504443 1.276309
446.951380 1.276186
447.555865 1.276017
447.994043 1.275894
448.586680 1.275724
449.016270 1.275600
449.597292 1.275429
450.018462 1.275304
450.588096 1.275132
451.001011 1.275007
451.559481 1.274834
451.964304 1.274707
452.511828 1.274534
452.908716 1.274407
453.445509 1.274232
453.834618 1.274104
454.360891 1.273929
454.742374 1.273801
455.258331 1.273625
455.632337 1.273496
456.138183 1.273319
456.504858 1.273189
457.000789 1.273010
457.360278 1.272879
457.846490 1.272701
458.198933 1.272570
458.675614 1.272390
459.021150 1.272258
459.488489 1.272078
459.827252 1.271946
460.285432 1.271764
460.617556 1.271631
461.066755 1.271449
461.392369 1.271315
461.832765 1.271132
462.151997 1.270998
462.583761 1.270814
462.896737 1.270679
463.320038 1.270494
463.626880 1.270359
464.041885 1.270173
464.342713 1.270037
464.749584 1.269851
465.044515 1.269715
465.443412 1.269528
465.732563 1.269391
466.123642 1.269203
466.407126 1.269066
466.790540 1.268877
467.068468 1.268739
467.444367 1.268550
467.716847 1.268411
468.085379 1.268221
468.352519 1.268082
468.713828 1.267892
468.975732 1.267752
469.329959 1.267561
469.586731 1.267421
469.934015 1.267228
470.185754 1.267088
470.526232 1.266896
470.773037 1.266755
471.106842 1.266561
471.348809 1.266420
471.676071 1.266226
471.913297 1.266084
472.234145 1.265889
472.466721 1.265747
472.781281 1.265552
473.009298 1.265408
473.317693 1.265212
473.541241 1.265069
473.843591 1.264873
474.062758 1.264729
474.359183 1.264533
474.574054 1.264388
474.864669 1.264191
475.075329 1.264046
475.360247 1.263848
475.566779 1.263703
475.846113 1.263504
476.048597 1.263359
476.322456 1.263160
476.520971 1.263014
476.789463 1.262815
476.984087 1.262669
477.247317 1.262469
477.438127 1.262322
477.696198 1.262122
477.883267 1.261975
478.136280 1.261774
478.319684 1.261627
478.567737 1.261425
478.747546 1.261278
478.990738 1.261076
479.167023 1.260928
479.405449 1.260726
479.578278 1.260578
479.812031 1.260375
479.981473 1.260227
480.210644 1.260025
480.376766 1.259876
480.601445 1.259672
480.764311 1.259523
480.984587 1.259319
481.144260 1.259170
481.360219 1.258966
481.516763 1.258816
481.728489 1.258612
481.881964 1.258462
482.089541 1.258257
482.240008 1.258107
482.443517 1.257902
482.591035 1.257752
482.790555 1.257547
482.935182 1.257397
483.130791 1.257192
483.272583 1.257041
483.464359 1.256835
483.603372 1.256684
483.791389 1.256478
483.927677 1.256327
484.112009 1.256121
484.245627 1.255970
484.426346 1.255763
484.557344 1.255612
484.734521 1.255405
484.862953 1.255254
485.036657 1.255047
485.162571 1.254896
485.332871 1.254689
485.456317 1.254538
485.623279 1.254331
485.744306 1.254179
485.907996 1.253972
486.026650 1.253820
486.187132 1.253613
486.303461 1.253462
486.460797 1.253254
486.574846 1.253102
486.729099 1.252895
486.840913 1.252743
486.992142 1.252535
487.101764 1.252383
487.250030 1.252176
487.357504 1.252024
487.502863 1.251817
487.608230 1.251665
487.750741 1.251457
487.854043 1.251306
487.993760 1.251098
488.095038 1.250946
488.232017 1.250739
488.331309 1.250587
488.465603 1.250380
488.562950 1.250228
488.694612 1.250021
488.790051 1.249870
488.919132 1.249663
489.012700 1.249511
489.139252 1.249305
489.230986 1.249154
489.355058 1.248947
489.444994 1.248795
489.566633 1.248589
489.654807 1.248438
489.774063 1.248231
489.860508 1.248080
489.977426 1.247875
490.062177 1.247724
490.176804 1.247519
490.259894 1.247368
490.372274 1.247163
490.453736 1.247013
490.563913 1.246807
490.643778 1.246657
490.751796 1.246453
490.830096 1.246303
490.935997 1.246099
491.012762 1.245949
491.116587 1.245746
491.191848 1.245596
491.293638 1.245392
491.367424 1.245243
491.467219 1.245040
491.539558 1.244892
491.637398 1.244689
491.708319 1.244541
491.804241 1.244339
491.873773 1.244191
491.967815 1.243989
492.035983 1.243842
492.128182 1.243641
492.195015 1.243494
492.285406 1.243294
492.350929 1.243147
492.439549 1.242948
492.503788 1.242802
492.590671 1.242602
492.653650 1.242457
492.738831 1.242259
492.800576 1.242114
492.884087 1.241916
492.944622 1.241771
493.026496 1.241574
493.085844 1.241430
493.166113 1.241234
493.224299 1.241090
493.302995 1.240895
493.360040 1.240751
493.437194 1.240556
493.493121 1.240414
493.568762 1.240221
493.623593 1.240079
493.697752 1.239886
493.751508 1.239745
493.824214 1.239553
493.876916 1.239413
493.948197 1.239222
493.999866 1.239082
494.069750 1.238892
494.120407 1.238753
494.188920 1.238563
494.238585 1.238425
494.305756 1.238237
494.354446 1.238100
494.420301 1.237912
494.468037 1.237775
494.532601 1.237589
494.579402 1.237453
494.642700 1.237268
494.688583 1.237133
494.750641 1.236950
494.795625 1.236815
494.856467 1.236632
494.900569 1.236499
494.960218 1.236317
495.003457 1.236185
495.061937 1.236004
495.104327 1.235872
495.161661 1.235693
495.203221 1.235562
495.259431 1.235384
495.300176 1.235255
495.355285 1.235078
495.395231 1.234949
495.449260 1.234773
495.488423 1.234645
495.541393 1.234471
495.579789 1.234344
495.631720 1.234172
495.669364 1.234046
495.720277 1.233874
495.757183 1.233749
495.807099 1.233579
495.843281 1.233455
495.892218 1.233286
495.927692 1.233163
495.975670 1.232996
496.010448 1.232874
496.057486 1.232708
496.091582 1.232587
496.137698 1.232423
496.171126 1.232303
496.216338 1.232140
496.249111 1.232022
496.293437 1.231860
496.325568 1.231743
496.369025 1.231583
496.400526 1.231467
496.443131 1.231308
496.474015 1.231193
496.515785 1.231036
496.546063 1.230922
496.587015 1.230766
496.616700 1.230653
496.656849 1.230500
496.685952 1.230388
496.725314 1.230236
496.753847 1.230125
496.792437 1.229974
496.820411 1.229864
496.858245 1.229715
496.885670 1.229607
496.922763 1.229460
496.949650 1.229353
496.986016 1.229207
497.012377 1.229101
497.048030 1.228957
497.073874 1.228852
497.108828 1.228709
497.134166 1.228606
497.168435 1.228465
497.193276 1.228363
497.226873 1.228223
497.251227 1.228122
497.284166 1.227984
497.308043 1.227884
497.340336 1.227748
497.363745 1.227649
497.395405 1.227515
497.418355 1.227418
497.449395 1.227285
497.471895 1.227189
497.502327 1.227058
497.524386 1.226963
497.554221 1.226833
497.575848 1.226739
497.605098 1.226612
497.626301 1.226519
497.654978 1.226393
497.675766 1.226301
497.703881 1.226177
497.724261 1.226087
497.751825 1.225964
497.771805 1.225875
497.798829 1.225754
497.818418 1.225666
497.844912 1.225547
497.864117 1.225460
497.890092 1.225342
497.908920 1.225257
497.934386 1.225141
497.952846 1.225056
497.977812 1.224942
497.995910 1.224859
498.020387 1.224746
498.038130 1.224664
498.062128 1.224553
498.079523 1.224472
498.103051 1.224362
498.120105 1.224283
498.143171 1.224175
498.159891 1.224096
498.182505 1.223990
498.198897 1.223912
498.221068 1.223808
498.237139 1.223732
498.258876 1.223628
498.274632 1.223553
498.295942 1.223452
498.311389 1.223378
498.332282 1.223278
498.347427 1.223205
498.367910 1.223106
498.382757 1.223035
498.402839 1.222938
498.417396 1.222867
498.437084 1.222772
498.451355 1.222703
498.470657 1.222608
498.484649 1.222540
498.503573 1.222448
498.517290 1.222381
498.535843 1.222290
498.549292 1.222223
498.567481 1.222134
498.580666 1.222069
498.598499 1.221981
498.611426 1.221917
498.628909 1.221830
498.641582 1.221767
498.658723 1.221682
498.671148 1.221620
498.687953 1.221537
498.700134 1.221476
498.716609 1.221393
498.728552 1.221334
498.744705 1.221253
498.756413 1.221194
498.772249 1.221114
498.783728 1.221056
498.799254 1.220978
498.810508 1.220921
498.825729 1.220845
498.836762 1.220789
498.851685 1.220713
498.862502 1.220658
498.877133 1.220584
498.887738 1.220530
498.902082 1.220457
498.912479 1.220405
498.926542 1.220333
498.936735 1.220281
498.950522 1.220211
498.960516 1.220160
498.974033 1.220090
498.983831 1.220040
498.997082 1.219973
499.006688 1.219923
499.019680 1.219857
499.029098 1.219808
499.041836 1.219743
499.051069 1.219696
499.063556 1.219631
499.072608 1.219585
499.084851 1.219522
499.093726 1.219476
499.105729 1.219414
499.114430 1.219370
499.126198 1.219309
499.134728 1.219265
499.146265 1.219205
499.154628 1.219162
499.165939 1.219104
499.174138 1.219062
499.185228 1.219004
499.193266 1.218963
499.204138 1.218907
499.212019 1.218866
499.222678 1.218811
499.230404 1.218771
499.240854 1.218717
499.248429 1.218678
499.258675 1.218625
499.266101 1.218587
499.276145 1.218535
499.283426 1.218497
499.293274 1.218446
499.300412 1.218409
499.310067 1.218359
499.317065 1.218323
499.326530 1.218275
499.333392 1.218239
499.342671 1.218191
499.349398 1.218157
499.358496 1.218110
499.365091 1.218076
499.374010 1.218030
499.380476 1.217997
499.389221 1.217952
499.395560 1.217919
499.404133 1.217875
499.410348 1.217843
499.418753 1.217800
499.424846 1.217769
499.433087 1.217727
499.439060 1.217696
499.447139 1.217655
499.452996 1.217625
499.460916 1.217585
499.466658 1.217555
499.474423 1.217516
499.480052 1.217487
499.487666 1.217449
499.493184 1.217421
499.500649 1.217383
499.506059 1.217355
499.513377 1.217318
499.518681 1.217292
499.525856 1.217256
499.531056 1.217229
499.538090 1.217194
499.543189 1.217169
499.550085 1.217134
499.555083 1.217109
499.561844 1.217075
499.566745 1.217051
499.573373 1.217018
499.578178 1.216994
499.584676 1.216962
499.589387 1.216939
499.595758 1.216908
499.600376 1.216885
499.606622 1.216854
499.611150 1.216832
499.617273 1.216802
499.621712 1.216781
499.627716 1.216752
499.632068 1.216730
499.637954 1.216702
499.642220 1.216682
499.647991 1.216654
499.652174 1.216634
499.657832 1.216607
499.661933 1.216587
499.667479 1.216561
499.671500 1.216542
499.676938 1.216517
499.680880 1.216498
499.686211 1.216473
499.690076 1.216455
499.695303 1.216431
499.699091 1.216414
499.704216 1.216390
499.707930 1.216373
499.712954 1.216351
499.716596 1.216334
499.721522 1.216312
499.725092 1.216296
499.729921 1.216274
499.733422 1.216259
499.738156 1.216238
499.741588 1.216223
499.746229 1.216203
499.749594 1.216188
499.754144 1.216169
499.757443 1.216155
499.761904 1.216136
499.765138 1.216123
499.769512 1.216104
499.772683 1.216091
499.776971 1.216074
499.780080 1.216061
499.784284 1.216044
499.787331 1.216032
499.791453 1.216016
499.794441 1.216004
499.798482 1.215989
499.801411 1.215978
499.805373 1.215963
499.808245 1.215952
499.812129 1.215938
499.814944 1.215928
499.818752 1.215914
499.821513 1.215905
499.825246 1.215892
499.827952 1.215883
499.831612 1.215871
499.834266 1.215862
499.837854 1.215851
499.840455 1.215843
499.843973 1.215832
499.846524 1.215825
499.849973 1.215815
499.852473 1.215808
499.855855 1.215800
499.858306 1.215793
499.861621 1.215785
499.864024 1.215780
499.867275 1.215773
499.869631 1.215769
499.872817 1.215763
499.875127 1.215760
499.878252 1.215755
499.880516 1.215753
499.883579 1.215750
499.885799 1.215749
499.888802 1.215748
499.890979 1.215749
499.893923 1.215751
499.896057 1.215757
499.898944 1.215770
499.901037 1.215776
499.903871 1.215778
499.905945 1.215781
499.908778 1.215785
499.910852 1.215788
499.913686 1.215793
499.915760 1.215795
499.918594 1.215798
499.920668 1.215798
499.923501 1.215796
499.925575 1.215793
499.928409 1.215787
499.930483 1.215781
499.933317 1.215772
499.935390 1.215765
499.938224 1.215756
499.940298 1.215749
499.943132 1.215742
499.945206 1.215738
499.948039 1.215732
499.950113 1.215729
499.952947 1.215724
499.955021 1.215721
499.957855 1.215715
499.959929 1.215710
499.962762 1.215703
499.964836 1.215696
499.967670 1.215684
499.969744 1.215673
499.972578 1.215655
499.974651 1.215634
499.977485 1.215594
499.979559 1.215567
499.982393 1.215535
499.984467 1.215518
499.987300 1.215503
499.989374 1.215495
499.992208 1.215485
499.994282 1.215480
499.997116 1.215477
499.999189 1.215477
500.002023 1.215480
500.004097 1.215474
500.006931 1.215452
500.009005 1.215435
500.011839 1.215411
500.013912 1.215404
500.016746 1.215409
500.018820 1.215415
500.021654 1.215428
500.023728 1.215439
500.026561 1.215456
500.028635 1.215471
500.031469 1.215493
500.033543 1.215512
500.036377 1.215541
500.038450 1.215564
500.041284 1.215599
500.043358 1.215622
500.046192 1.215652
500.048266 1.215668
500.051099 1.215684
500.053173 1.215697
500.056007 1.215717
500.058101 1.215724
500.060988 1.215722
500.063101 1.215722
500.065988 1.215724
500.068101 1.215724
500.070988 1.215722
500.073101 1.215724
500.075988 1.215729
500.078101 1.215734
500.080988 1.215742
500.083101 1.215748
500.085988 1.215757
500.088101 1.215764
500.090988 1.215773
500.093101 1.215780
500.095988 1.215791
500.098101 1.215798
500.100988 1.215808
500.103101 1.215815
500.105988 1.215825
500.108101 1.215832
500.110988 1.215842
500.113101 1.215849
500.115988 1.215859
500.118101 1.215867
500.120988 1.215878
500.123101 1.215886
500.125988 1.215898
500.128101 1.215906
500.130988 1.215918
500.133101 1.215926
500.135988 1.215938
500.138101 1.215947
500.140988 1.215959
500.143101 1.215968
500.145988 1.215980
500.148101 1.215989
500.150988 1.216001
500.153101 1.216010
500.155988 1.216022
500.158101 1.216032
500.160988 1.216044
500.163101 1.216053
500.165988 1.216066
500.168101 1.216076
500.170988 1.216089
500.173101 1.216099
500.175988 1.216112
500.178101 1.216122
500.180988 1.216135
500.183101 1.216145
500.185988 1.216158
500.188101 1.216168
500.190988 1.216182
500.193101 1.216192
500.195988 1.216206
500.198101 1.216216
500.200988 1.216230
500.203101 1.216240
500.205988 1.216254
500.208101 1.216264
500.210988 1.216278
500.213101 1.216289
500.215988 1.216303
500.218101 1.216313
500.220988 1.216327
500.223101 1.216338
500.225988 1.216352
500.228101 1.216362
500.230988 1.216377
500.233101 1.216388
500.235988 1.216402
500.238101 1.216413
500.240988 1.216428
500.243101 1.216439
500.245988 1.216454
500.248101 1.216465
500.250988 1.216480
500.253101 1.216491
500.255988 1.216505
500.258101 1.216516
500.260988 1.216532
500.263101 1.216543
500.265988 1.216558
500.268101 1.216569
500.270988 1.216584
500.273101 1.216595
500.275988 1.216611
500.278101 1.216622
500.280988 1.216637
500.283101 1.216648
500.285988 1.216664
500.288101 1.216675
500.290988 1.216691
500.293101 1.216703
500.295988 1.216719
500.298101 1.216730
500.300988 1.216746
500.303101 1.216758
500.305988 1.216774
500.308101 1.216785
500.310988 1.216801
500.313101 1.216813
500.315988 1.216829
500.318101 1.216841
500.320988 1.216857
500.323101 1.216868
500.325988 1.216884
500.328101 1.216896
500.330988 1.216912
500.333101 1.216924
500.335988 1.216940
500.338101 1.216952
500.340988 1.216968
500.343101 1.216980
500.345988 1.216996
500.348101 1.217008
500.350988 1.217024
500.353101 1.217036
500.355988 1.217052
500.358101 1.217065
500.360988 1.217081
500.363101 1.217093
500.365988 1.217110
500.368101 1.217122
500.370988 1.217139
500.373101 1.217151
500.375988 1.217167
500.378101 1.217179
500.380988 1.217196
500.383101 1.217208
500.385988 1.217225
500.388101 1.217237
500.390988 1.217254
500.393101 1.217266
500.395988 1.217283
500.398101 1.217295
500.400988 1.217312
500.403101 1.217324
500.405988 1.217341
500.408101 1.217353
500.410988 1.217370
500.413101 1.217382
500.415988 1.217399
500.418101 1.217412
500.420988 1.217429
500.423101 1.217442
500.425988 1.217459
500.428101 1.217471
500.430988 1.217488
500.433101 1.217501
500.435988 1.217518
500.438101 1.217530
500.440988 1.217547
500.443101 1.217560
500.445988 1.217577
500.448101 1.217590
500.450988 1.217607
500.453101 1.217619
500.455988 1.217637
500.458101 1.217650
500.460988 1.217667
500.463101 1.217680
500.465988 1.217697
500.468101 1.217710
500.470988 1.217727
500.473101 1.217740
500.475988 1.217757
500.478101 1.217770
500.480988 1.217787
500.483101 1.217800
500.485988 1.217818
500.488101 1.217830
500.490988 1.217848
500.493101 1.217861
500.495988 1.217879
500.498101 1.217892
500.500988 1.217909
500.503101 1.217922
500.505988 1.217940
500.508101 1.217953
500.510988 1.217971
500.513101 1.217984
500.515988 1.218002
500.518101 1.218015
500.520988 1.218033
500.523101 1.218046
500.525988 1.218064
500.528101 1.218077
500.530988 1.218094
500.533101 1.218107
500.535988 1.218125
500.538101 1.218138
500.540988 1.218156
500.543101 1.218169
500.545988 1.218187
500.548101 1.218200
500.550988 1.218218
500.553101 1.218231
500.555988 1.218249
500.558101 1.218262
500.560988 1.218280
500.563101 1.218293
500.565988 1.218312
500.568101 1.218325
500.570988 1.218343
500.573101 1.218356
500.575988 1.218374
500.578101 1.218388
500.580988 1.218406
500.583101 1.218419
500.585988 1.218437
500.588101 1.218450
500.590988 1.218468
500.593101 1.218482
500.595988 1.218500
500.598101 1.218513
500.600988 1.218531
500.603101 1.218545
500.605988 1.218563
500.608101 1.218576
500.610988 1.218594
500.613101 1.218608
500.615988 1.218626
500.618101 1.218639
500.620988 1.218657
500.623101 1.218671
500.625988 1.218689
500.628101 1.218702
500.630988 1.218721
500.633101 1.218734
500.635988 1.218752
500.638101 1.218766
500.640988 1.218784
500.643101 1.218798
500.645988 1.218817
500.648101 1.218830
500.650988 1.218849
500.653101 1.218862
500.655988 1.218881
500.658101 1.218894
500.660988 1.218913
500.663101 1.218926
500.665988 1.218945
500.668101 1.218958
500.670988 1.218977
500.673101 1.218991
500.675988 1.219009
500.678101 1.219023
500.680988 1.219041
500.683101 1.219055
500.685988 1.219074
500.688101 1.219087
500.690988 1.219106
500.693101 1.219119
500.695988 1.219138
500.698101 1.219152
500.700988 1.219170
500.703101 1.219184
500.705988 1.219203
500.708101 1.219216
500.710988 1.219235
500.713101 1.219249
500.715988 1.219268
500.718101 1.219282
500.720988 1.219301
500.723101 1.219315
500.725988 1.219334
500.728101 1.219348
500.730988 1.219367
500.733101 1.219380
500.735988 1.219399
500.738101 1.219413
500.740988 1.219432
500.743101 1.219446
500.745988 1.219465
500.748101 1.219479
500.750988 1.219497
500.753101 1.219511
500.755988 1.219530
500.758101 1.219544
500.760988 1.219563
500.763101 1.219577
500.765988 1.219596
500.768101 1.219610
500.770988 1.219629
500.773101 1.219643
500.775988 1.219662
500.778101 1.219676
500.780988 1.219695
500.783101 1.219708
500.785988 1.219727
500.788101 1.219741
500.790988 1.219760
500.793101 1.219774
500.795988 1.219794
500.798101 1.219808
500.800988 1.219827
500.803101 1.219841
500.805988 1.219860
500.808101 1.219874
500.810988 1.219894
500.813101 1.219908
500.815988 1.219927
500.818101 1.219941
500.820988 1.219961
500.823101 1.219975
500.825988 1.219994
500.828101 1.220008
500.830988 1.220027
500.833101 1.220041
500.835988 1.220061
500.838101 1.220075
500.840988 1.220094
500.843101 1.220108
500.845988 1.220128
500.848101 1.220142
500.850988 1.220162
500.853101 1.220176
500.855988 1.220196
500.858101 1.220210
500.860988 1.220230
500.863101 1.220244
500.865988 1.220263
500.868101 1.220278
500.870988 1.220297
500.873101 1.220312
500.875988 1.220331
500.878101 1.220345
500.880988 1.220365
500.883101 1.220379
500.885988 1.220398
500.888101 1.220413
500.890988 1.220432
500.893101 1.220447
500.895988 1.220466
500.898101 1.220480
500.900988 1.220500
500.903101 1.220514
500.905988 1.220534
500.908101 1.220548
500.910988 1.220568
500.913101 1.220582
500.915988 1.220602
500.918101 1.220616
500.920988 1.220636
500.923101 1.220651
500.925988 1.220670
500.928101 1.220685
500.930988 1.220704
500.933101 1.220719
500.935988 1.220739
500.938101 1.220753
500.940988 1.220773
500.943101 1.220787
500.945988 1.220807
500.948101 1.220822
500.950988 1.220842
500.953101 1.220856
500.955988 1.220876
500.958101 1.220890
500.960988 1.220910
500.963101 1.220925
500.965988 1.220945
500.968101 1.220959
500.970988 1.220979
500.973101 1.220994
500.975988 1.221014
500.978101 1.221028
500.980988 1.221048
500.983101 1.221063
500.985988 1.221083
500.988101 1.221097
500.990988 1.221117
500.993101 1.221132
500.995988 1.221151
500.998101 1.221166
501.000988 1.221186
501.003101 1.221200
501.005988 1.221220
501.008101 1.221235
501.010988 1.221255
501.013101 1.221269
501.015988 1.221289
501.018101 1.221304
501.020988 1.221324
501.023101 1.221339
501.025988 1.221359
501.028101 1.221373
501.030988 1.221394
501.033101 1.221408
501.035988 1.221428
501.038101 1.221443
501.040988 1.221463
501.043101 1.221478
501.045988 1.221498
501.048101 1.221513
501.050988 1.221533
501.053101 1.221547
501.055988 1.221567
501.058101 1.221582
501.060988 1.221602
501.063101 1.221617
501.065988 1.221637
501.068101 1.221651
501.070988 1.221671
501.073101 1.221686
501.075988 1.221707
501.078101 1.221721
501.080988 1.221742
501.083101 1.221757
501.085988 1.221777
501.088101 1.221792
501.090988 1.221812
501.093101 1.221827
501.095988 1.221847
501.098101 1.221862
501.100988 1.221883
501.103101 1.221897
501.105988 1.221918
501.108101 1.221933
501.110988 1.221953
501.113101 1.221968
501.115988 1.221988
501.118101 1.222003
501.120988 1.222024
501.123101 1.222039
501.125988 1.222059
501.128101 1.222074
501.130988 1.222094
501.133101 1.222109
501.135988 1.222129
501.138101 1.222144
501.140988 1.222165
501.143101 1.222180
501.145988 1.222200
501.148101 1.222215
501.150988 1.222236
501.153101 1.222251
501.155988 1.222272
501.158101 1.222287
501.160988 1.222307
501.163101 1.222322
501.165988 1.222343
501.168101 1.222358
501.170988 1.222379
501.173101 1.222394
501.175988 1.222414
501.178101 1.222429
501.180988 1.222450
501.183101 1.222465
501.185988 1.222486
501.188101 1.222501
501.190988 1.222522
501.193101 1.222537
501.195988 1.222557
501.198101 1.222572
501.200988 1.222593
501.203101 1.222608
501.205988 1.222629
501.208101 1.222644
501.210988 1.222664
501.213101 1.222679
501.215988 1.222700
501.218101 1.222715
501.220988 1.222736
501.223101 1.222751
501.225988 1.222772
501.228101 1.222787
501.230988 1.222808
501.233101 1.222823
501.235988 1.222844
501.238101 1.222859
501.240988 1.222880
501.243101 1.222895
501.245988 1.222916
501.248101 1.222931
501.250988 1.222952
501.253101 1.222967
501.255988 1.222988
501.258101 1.223003
501.260988 1.223024
501.263101 1.223039
501.265988 1.223059
501.268101 1.223074
501.270988 1.223095
501.273101 1.223111
501.275988 1.223132
501.278101 1.223147
501.280988 1.223168
501.283101 1.223183
501.285988 1.223204
501.288101 1.223220
501.290988 1.223241
501.293101 1.223256
501.295988 1.223277
501.298101 1.223293
501.300988 1.223314
501.303101 1.223329
501.305988 1.223350
501.308101 1.223365
501.310988 1.223386
501.313101 1.223402
501.315988 1.223423
501.318101 1.223438
501.320988 1.223459
501.323101 1.223475
501.325988 1.223496
501.328101 1.223511
501.330988 1.223532
501.333101 1.223547
501.335988 1.223568
501.338101 1.223584
501.340988 1.223605
501.343101 1.223620
501.345988 1.223641
501.348101 1.223657
501.350988 1.223678
501.353101 1.223694
501.355988 1.223715
501.358101 1.223731
501.360988 1.223752
501.363101 1.223768
501.365988 1.223789
501.368101 1.223804
501.370988 1.223826
501.373101 1.223841
501.375988 1.223863
501.378101 1.223878
501.380988 1.223900
501.383101 1.223915
501.385988 1.223936
501.388101 1.223952
501.390988 1.223973
501.393101 1.223989
501.395988 1.224010
501.398101 1.224026
501.400988 1.224047
501.403101 1.224062
501.405988 1.224084
501.408101 1.224099
501.410988 1.224121
501.413101 1.224136
501.415988 1.224158
501.418101 1.224173
501.420988 1.224195
501.423101 1.224210
501.425988 1.224232
501.428101 1.224247
501.430988 1.224269
501.433101 1.224284
501.435988 1.224306
501.438101 1.224322
501.440988 1.224343
501.443101 1.224359
501.445988 1.224380
501.448101 1.224396
501.450988 1.224417
501.453101 1.224433
501.455988 1.224455
501.458101 1.224470
501.460988 1.224492
501.463101 1.224507
501.465988 1.224529
501.468101 1.224544
501.470988 1.224565
501.473101 1.224581
501.475988 1.224602
501.478101 1.224618
501.480988 1.224640
501.483101 1.224655
501.485988 1.224677
501.488101 1.224693
501.490988 1.224714
501.493101 1.224730
501.495988 1.224752
501.498101 1.224768
501.500988 1.224790
501.503101 1.224805
501.505988 1.224827
501.508101 1.224843
501.510988 1.224864
501.513101 1.224880
501.515988 1.224902
501.518101 1.224918
501.520988 1.224939
501.523101 1.224955
501.525988 1.224977
501.528101 1.224993
501.530988 1.225015
501.533101 1.225031
501.535988 1.225053
501.538101 1.225069
501.540988 1.225090
501.543101 1.225106
501.545988 1.225128
501.548101 1.225144
501.550988 1.225166
501.553101 1.225182
501.555988 1.225204
501.558101 1.225220
501.560988 1.225241
501.563101 1.225257
501.565988 1.225279
501.568101 1.225295
501.570988 1.225317
501.573101 1.225333
501.575988 1.225354
501.578101 1.225370
501.580988 1.225392
501.583101 1.225408
501.585988 1.225429
501.588101 1.225445
501.590988 1.225467
501.593101 1.225483
501.595988 1.225505
501.598101 1.225521
501.600988 1.225543
501.603101 1.225559
501.605988 1.225581
501.608101 1.225598
501.610988 1.225620
501.613101 1.225636
501.615988 1.225658
501.618101 1.225674
501.620988 1.225696
501.623101 1.225712
501.625988 1.225734
501.628101 1.225750
501.630988 1.225772
501.633101 1.225788
501.635988 1.225810
501.638101 1.225826
501.640988 1.225848
501.643101 1.225864
501.645988 1.225886
501.648101 1.225903
501.650988 1.225925
501.653101 1.225941
501.655988 1.225963
501.658101 1.225980
501.660988 1.226002
501.663101 1.226018
501.665988 1.226040
501.668101 1.226056
501.670988 1.226079
501.673101 1.226095
501.675988 1.226117
501.678101 1.226133
501.680988 1.226155
501.683101 1.226171
501.685988 1.226193
501.688101 1.226209
501.690988 1.226232
501.693101 1.226248
501.695988 1.226270
501.698101 1.226287
501.700988 1.226309
501.703101 1.226325
501.705988 1.226348
501.708101 1.226364
501.710988 1.226387
501.713101 1.226403
501.715988 1.226425
501.718101 1.226442
501.720988 1.226464
501.723101 1.226480
501.725988 1.226502
501.728101 1.226519
501.730988 1.226541
501.733101 1.226557
501.735988 1.226579
501.738101 1.226596
501.740988 1.226618
501.743101 1.226634
501.745988 1.226657
501.748101 1.226673
501.750988 1.226696
501.753101 1.226712
501.755988 1.226735
501.758101 1.226751
501.760988 1.226774
501.763101 1.226791
501.765988 1.226813
501.768101 1.226830
501.770988 1.226852
501.773101 1.226869
501.775988 1.226891
501.778101 1.226908
501.780988 1.226930
501.783101 1.226947
501.785988 1.226969
501.788101 1.226986
501.790988 1.227008
501.793101 1.227025
501.795988 1.227047
501.798101 1.227064
501.800988 1.227086
501.803101 1.227103
501.805988 1.227125
501.808101 1.227142
501.810988 1.227165
501.813101 1.227181
501.815988 1.227204
501.818101 1.227220
501.820988 1.227243
501.823101 1.227259
501.825988 1.227282
501.828101 1.227298
501.830988 1.227321
501.833101 1.227337
501.835988 1.227360
501.838101 1.227377
501.840988 1.227400
501.843101 1.227416
501.845988 1.227439
501.848101 1.227456
501.850988 1.227479
501.853101 1.227495
501.855988 1.227518
501.858101 1.227535
501.860988 1.227557
501.863101 1.227574
501.865988 1.227597
501.868101 1.227614
501.870988 1.227636
501.873101 1.227653
501.875988 1.227676
501.878101 1.227693
501.880988 1.227716
501.883101 1.227732
501.885988 1.227755
501.888101 1.227772
501.890988 1.227795
501.893101 1.227812
501.895988 1.227835
501.898101 1.227851
501.900988 1.227874
501.903101 1.227891
501.905988 1.227914
501.908101 1.227931
501.910988 1.227954
501.913101 1.227970
501.915988 1.227993
501.918101 1.228010
501.920988 1.228033
501.923101 1.228049
501.925988 1.228072
501.928101 1.228089
501.930988 1.228112
501.933101 1.228128
501.935988 1.228151
501.938101 1.228168
501.940988 1.228191
501.943101 1.228208
501.945988 1.228231
501.948101 1.228247
501.950988 1.228270
501.953101 1.228287
501.955988 1.228310
501.958101 1.228327
501.960988 1.228350
501.963101 1.228367
501.965988 1.228391
501.968101 1.228408
501.970988 1.228431
501.973101 1.228448
501.975988 1.228471
501.978101 1.228488
501.980988 1.228511
501.983101 1.228528
501.985988 1.228551
501.988101 1.228568
501.990988 1.228591
501.993101 1.228608
501.995988 1.228631
501.998101 1.228648
502.000988 1.228671
502.003101 1.228688
502.005988 1.228711
502.008101 1.228728
502.010988 1.228751
502.013101 1.228768
502.015988 1.228791
502.018101 1.228808
502.020988 1.228831
502.023101 1.228848
502.025988 1.228872
502.028101 1.228889
502.030988 1.228912
502.033101 1.228929
502.035988 1.228952
502.038101 1.228969
502.040988 1.228992
502.043101 1.229009
502.045988 1.229033
502.048101 1.229050
502.050988 1.229073
502.053101 1.229090
502.055988 1.229114
502.058101 1.229131
502.060988 1.229154
502.063101 1.229172
502.065988 1.229195
502.068101 1.229212
502.070988 1.229236
502.073101 1.229253
502.075988 1.229277
502.078101 1.229294
502.080988 1.229317
502.083101 1.229334
502.085988 1.229358
502.088101 1.229375
502.090988 1.229398
502.093101 1.229415
502.095988 1.229439
502.098101 1.229456
502.100988 1.229479
502.103101 1.229496
502.105988 1.229520
502.108101 1.229537
502.110988 1.229561
502.113101 1.229578
502.115988 1.229601
502.118101 1.229619
502.120988 1.229642
502.123101 1.229660
502.125988 1.229683
502.128101 1.229700
502.130988 1.229724
502.133101 1.229741
502.135988 1.229765
502.138101 1.229782
502.140988 1.229805
502.143101 1.229823
502.145988 1.229846
502.148101 1.229864
502.150988 1.229887
502.153101 1.229905
502.155988 1.229928
502.158101 1.229946
502.160988 1.229970
502.163101 1.229987
502.165988 1.230011
502.168101 1.230028
502.170988 1.230052
502.173101 1.230070
502.175988 1.230093
502.178101 1.230111
502.180988 1.230134
502.183101 1.230151
502.185988 1.230175
502.188101 1.230193
502.190988 1.230216
502.193101 1.230234
502.195988 1.230258
502.198101 1.230275
502.200988 1.230299
502.203101 1.230317
502.205988 1.230341
502.208101 1.230359
502.210988 1.230383
502.213101 1.230400
502.215988 1.230424
502.218101 1.230442
502.220988 1.230466
502.223101 1.230483
502.225988 1.230507
502.228101 1.230525
502.230988 1.230549
502.233101 1.230566
502.235988 1.230590
502.238101 1.230608
502.240988 1.230631
502.243101 1.230649
502.245988 1.230673
502.248101 1.230690
502.250988 1.230714
502.253101 1.230732
502.255988 1.230756
502.258101 1.230774
502.260988 1.230798
502.263101 1.230815
502.265988 1.230839
502.268101 1.230857
502.270988 1.230881
502.273101 1.230898
502.275988 1.230922
502.278101 1.230940
502.280988 1.230964
502.283101 1.230981
502.285988 1.231005
502.288101 1.231023
502.290988 1.231047
502.293101 1.231064
502.295988 1.231089
502.298101 1.231106
502.300988 1.231131
502.303101 1.231148
502.305988 1.231173
502.308101 1.231190
502.310988 1.231215
502.313101 1.231232
502.315988 1.231257
502.318101 1.231274
502.320988 1.231299
502.323101 1.231316
502.325988 1.231341
502.328101 1.231358
502.330988 1.231383
502.333101 1.231400
502.335988 1.231424
502.338101 1.231442
502.340988 1.231467
502.343101 1.231484
502.345988 1.231509
502.348101 1.231527
502.350988 1.231551
502.353101 1.231569
502.355988 1.231594
502.358101 1.231612
502.360988 1.231636
502.363101 1.231654
502.365988 1.231678
502.368101 1.231696
502.370988 1.231721
502.373101 1.231739
502.375988 1.231763
502.378101 1.231781
502.380988 1.231805
502.383101 1.231823
502.385988 1.231847
502.388101 1.231865
502.390988 1.231890
502.393101 1.231908
502.395988 1.231932
502.398101 1.231950
502.400988 1.231974
502.403101 1.231992
502.405988 1.232017
502.408101 1.232035
502.410988 1.232059
502.413101 1.232077
502.415988 1.232102
502.418101 1.232120
502.420988 1.232144
502.423101 1.232162
502.425988 1.232187
502.428101 1.232205
502.430988 1.232230
502.433101 1.232248
502.435988 1.232272
502.438101 1.232290
502.440988 1.232315
502.443101 1.232333
502.445988 1.232357
502.448101 1.232375
502.450988 1.232400
502.453101 1.232418
502.455988 1.232443
502.458101 1.232461
502.460988 1.232486
502.463101 1.232504
502.465988 1.232529
502.468101 1.232547
502.470988 1.232572
502.473101 1.232590
502.475988 1.232615
502.478101 1.232633
502.480988 1.232657
502.483101 1.232676
502.485988 1.232700
502.488101 1.232719
502.490988 1.232743
502.493101 1.232762
502.495988 1.232786
502.498101 1.232805
502.500988 1.232829
502.503101 1.232848
502.505988 1.232872
502.508101 1.232890
502.510988 1.232915
502.513101 1.232933
502.515988 1.232958
502.518101 1.232977
502.520988 1.233002
502.523101 1.233020
502.525988 1.233045
502.528101 1.233064
502.530988 1.233089
502.533101 1.233107
502.535988 1.233132
502.538101 1.233150
502.540988 1.233175
502.543101 1.233194
502.545988 1.233219
502.548101 1.233237
502.550988 1.233262
502.553101 1.233280
502.555988 1.233305
502.558101 1.233323
502.560988 1.233348
502.563101 1.233367
502.565988 1.233392
502.568101 1.233410
502.570988 1.233435
502.573101 1.233453
502.575988 1.233479
502.578101 1.233497
502.580988 1.233522
502.583101 1.233541
502.585988 1.233566
502.588101 1.233584
502.590988 1.233609
502.593101 1.233627
502.595988 1.233652
502.598101 1.233671
502.600988 1.233696
502.603101 1.233714
502.605988 1.233739
502.608101 1.233758
502.610988 1.233783
502.613101 1.233801
502.615988 1.233826
502.618101 1.233845
502.620988 1.233870
502.623101 1.233889
502.625988 1.233914
502.628101 1.233932
502.630988 1.233958
502.633101 1.233976
502.635988 1.234001
502.638101 1.234020
502.640988 1.234045
502.643101 1.234064
502.645988 1.234089
502.648101 1.234108
502.650988 1.234133
502.653101 1.234151
502.655988 1.234177
502.658101 1.234195
502.660988 1.234220
502.663101 1.234239
502.665988 1.234264
502.668101 1.234283
502.670988 1.234308
502.673101 1.234326
502.675988 1.234351
502.678101 1.234370
502.680988 1.234395
502.683101 1.234414
502.685988 1.234439
502.688101 1.234458
502.690988 1.234483
502.693101 1.234502
502.695988 1.234528
502.698101 1.234546
502.700988 1.234572
502.703101 1.234591
502.705988 1.234616
502.708101 1.234635
502.710988 1.234660
502.713101 1.234679
502.715988 1.234704
502.718101 1.234723
502.720988 1.234748
502.723101 1.234767
502.725988 1.234792
502.728101 1.234811
502.730988 1.234837
502.733101 1.234856
502.735988 1.234881
502.738101 1.234900
502.740988 1.234926
502.743101 1.234945
502.745988 1.234971
502.748101 1.234990
502.750988 1.235015
502.753101 1.235034
502.755988 1.235060
502.758101 1.235078
502.760988 1.235104
502.763101 1.235123
502.765988 1.235149
502.768101 1.235168
502.770988 1.235193
502.773101 1.235212
502.775988 1.235238
502.778101 1.235257
502.780988 1.235283
502.783101 1.235302
502.785988 1.235328
502.788101 1.235347
502.790988 1.235373
502.793101 1.235392
502.795988 1.235418
502.798101 1.235437
502.800988 1.235462
502.803101 1.235481
502.805988 1.235507
502.808101 1.235526
502.810988 1.235552
502.813101 1.235571
502.815988 1.235596
502.818101 1.235615
502.820988 1.235641
502.823101 1.235660
502.825988 1.235686
502.828101 1.235705
502.830988 1.235731
502.833101 1.235750
502.835988 1.235777
502.838101 1.235796
502.840988 1.235822
502.843101 1.235841
502.845988 1.235867
502.848101 1.235886
502.850988 1.235912
502.853101 1.235931
502.855988 1.235957
502.858101 1.235976
502.860988 1.236002
502.863101 1.236021
502.865988 1.236047
502.868101 1.236066
502.870988 1.236093
502.873101 1.236112
502.875988 1.236138
502.878101 1.236157
502.880988 1.236183
502.883101 1.236203
502.885988 1.236229
502.888101 1.236248
502.890988 1.236274
502.893101 1.236293
502.895988 1.236320
502.898101 1.236339
502.900988 1.236365
502.903101 1.236385
502.905988 1.236411
502.908101 1.236430
502.910988 1.236456
502.913101 1.236475
502.915988 1.236502
502.918101 1.236521
502.920988 1.236547
502.923101 1.236566
502.925988 1.236592
502.928101 1.236612
502.930988 1.236638
502.933101 1.236657
502.935988 1.236683
502.938101 1.236703
502.940988 1.236729
502.943101 1.236749
502.945988 1.236775
502.948101 1.236795
502.950988 1.236821
502.953101 1.236840
502.955988 1.236867
502.958101 1.236886
502.960988 1.236913
502.963101 1.236932
502.965988 1.236958
502.968101 1.236978
502.970988 1.237004
502.973101 1.237024
502.975988 1.237050
502.978101 1.237070
502.980988 1.237096
502.983101 1.237116
502.985988 1.237142
502.988101 1.237161
502.990988 1.237188
502.993101 1.237207
502.995988 1.237234
502.998101 1.237253
503.000988 1.237280
503.003101 1.237299
503.005988 1.237326
503.008101 1.237345
503.010988 1.237372
503.013101 1.237392
503.015988 1.237419
503.018101 1.237438
503.020988 1.237465
503.023101 1.237485
503.025988 1.237511
503.028101 1.237531
503.030988 1.237558
503.033101 1.237577
503.035988 1.237604
503.038101 1.237624
503.040988 1.237651
503.043101 1.237670
503.045988 1.237697
503.048101 1.237717
503.050988 1.237744
503.053101 1.237764
503.055988 1.237790
503.058101 1.237810
503.060988 1.237837
503.063101 1.237857
503.065988 1.237884
503.068101 1.237903
503.070988 1.237930
503.073101 1.237950
503.075988 1.237977
503.078101 1.237997
503.080988 1.238024
503.083101 1.238043
503.085988 1.238070
503.088101 1.238090
503.090988 1.238117
503.093101 1.238137
503.095988 1.238164
503.098101 1.238183
503.100988 1.238210
503.103101 1.238230
503.105988 1.238257
503.108101 1.238277
503.110988 1.238304
503.113101 1.238323
503.115988 1.238351
503.118101 1.238370
503.120988 1.238397
503.123101 1.238417
503.125988 1.238444
503.128101 1.238464
503.130988 1.238491
503.133101 1.238511
503.135988 1.238538
503.138101 1.238558
503.140988 1.238585
503.143101 1.238605
503.145988 1.238632
503.148101 1.238652
503.150988 1.238679
503.153101 1.238699
503.155988 1.238727
503.158101 1.238746
503.160988 1.238774
503.163101 1.238794
503.165988 1.238821
503.168101 1.238841
503.170988 1.238868
503.173101 1.238888
503.175988 1.238915
503.178101 1.238935
503.180988 1.238962
503.183101 1.238982
503.185988 1.239010
503.188101 1.239030
503.190988 1.239057
503.193101 1.239078
503.195988 1.239105
503.198101 1.239126
503.200988 1.239153
503.203101 1.239173
503.205988 1.239201
503.208101 1.239221
503.210988 1.239249
503.213101 1.239269
503.215988 1.239296
503.218101 1.239316
503.220988 1.239344
503.223101 1.239364
503.225988 1.239392
503.228101 1.239412
503.230988 1.239439
503.233101 1.239459
503.235988 1.239487
503.238101 1.239507
503.240988 1.239534
503.243101 1.239554
503.245988 1.239582
503.248101 1.239602
503.250988 1.239630
503.253101 1.239650
503.255988 1.239678
503.258101 1.239698
503.260988 1.239726
503.263101 1.239746
503.265988 1.239774
503.268101 1.239794
503.270988 1.239822
503.273101 1.239842
503.275988 1.239870
503.278101 1.239890
503.280988 1.239918
503.283101 1.239938
503.285988 1.239966
503.288101 1.239987
503.290988 1.240014
503.293101 1.240035
503.295988 1.240063
503.298101 1.240083
503.300988 1.240111
503.303101 1.240131
503.305988 1.240159
503.308101 1.240179
503.310988 1.240207
503.313101 1.240227
503.315988 1.240255
503.318101 1.240276
503.320988 1.240304
503.323101 1.240324
503.325988 1.240353
503.328101 1.240373
503.330988 1.240401
503.333101 1.240422
503.335988 1.240450
503.338101 1.240470
503.340988 1.240498
503.343101 1.240518
503.345988 1.240546
503.348101 1.240567
503.350988 1.240595
503.353101 1.240615
503.355988 1.240644
503.358101 1.240664
503.360988 1.240693
503.363101 1.240713
503.365988 1.240741
503.368101 1.240762
503.370988 1.240790
503.373101 1.240811
503.375988 1.240839
503.378101 1.240860
503.380988 1.240888
503.383101 1.240909
503.385988 1.240937
503.388101 1.240958
503.390988 1.240986
503.393101 1.241006
503.395988 1.241035
503.398101 1.241055
503.400988 1.241084
503.403101 1.241104
503.405988 1.241132
503.408101 1.241153
503.410988 1.241182
503.413101 1.241202
503.415988 1.241231
503.418101 1.241252
503.420988 1.241280
503.423101 1.241301
503.425988 1.241330
503.428101 1.241350
503.430988 1.241379
503.433101 1.241400
503.435988 1.241428
503.438101 1.241449
503.440988 1.241478
503.443101 1.241498
503.445988 1.241527
503.448101 1.241548
503.450988 1.241576
503.453101 1.241597
503.455988 1.241626
503.458101 1.241647
503.460988 1.241675
503.463101 1.241696
503.465988 1.241725
503.468101 1.241746
503.470988 1.241775
503.473101 1.241796
503.475988 1.241824
503.478101 1.241845
503.480988 1.241874
503.483101 1.241895
503.485988 1.241924
503.488101 1.241945
503.490988 1.241973
503.493101 1.241994
503.495988 1.242023
503.498101 1.242044
503.500988 1.242073
503.503101 1.242094
503.505988 1.242122
503.508101 1.242143
503.510988 1.242172
503.513101 1.242193
503.515988 1.242222
503.518101 1.242243
503.520988 1.242272
503.523101 1.242293
503.525988 1.242322
503.528101 1.242343
503.530988 1.242372
503.533101 1.242393
503.535988 1.242422
503.538101 1.242443
503.540988 1.242472
503.543101 1.242493
503.545988 1.242522
503.548101 1.242544
503.550988 1.242573
503.553101 1.242594
503.555988 1.242623
503.558101 1.242644
503.560988 1.242673
503.563101 1.242694
503.565988 1.242723
503.568101 1.242744
503.570988 1.242773
503.573101 1.242794
503.575988 1.242823
503.578101 1.242844
503.580988 1.242873
503.583101 1.242894
503.585988 1.242924
503.588101 1.242945
503.590988 1.242974
503.593101 1.242996
503.595988 1.243025
503.598101 1.243047
503.600988 1.243076
503.603101 1.243097
503.605988 1.243127
503.608101 1.243148
503.610988 1.243177
503.613101 1.243198
503.615988 1.243228
503.618101 1.243249
503.620988 1.243278
503.623101 1.243300
503.625988 1.243329
503.628101 1.243351
503.630988 1.243380
503.633101 1.243402
503.635988 1.243431
503.638101 1.243453
503.640988 1.243483
503.643101 1.243504
503.645988 1.243534
503.648101 1.243555
503.650988 1.243584
503.653101 1.243606
503.655988 1.243635
503.658101 1.243657
503.660988 1.243686
503.663101 1.243708
503.665988 1.243738
503.668101 1.243759
503.670988 1.243789
503.673101 1.243811
503.675988 1.243841
503.678101 1.243862
503.680988 1.243892
503.683101 1.243914
503.685988 1.243943
503.688101 1.243965
503.690988 1.243995
503.693101 1.244017
503.695988 1.244047
503.698101 1.244068
503.700988 1.244098
503.703101 1.244120
503.705988 1.244150
503.708101 1.244171
503.710988 1.244201
503.713101 1.244223
503.715988 1.244252
503.718101 1.244274
503.720988 1.244304
503.723101 1.244326
503.725988 1.244356
503.728101 1.244378
503.730988 1.244408
503.733101 1.244430
503.735988 1.244460
503.738101 1.244482
503.740988 1.244512
503.743101 1.244534
503.745988 1.244564
503.748101 1.244586
503.750988 1.244616
503.753101 1.244638
503.755988 1.244667
503.758101 1.244689
503.760988 1.244720
503.763101 1.244742
503.765988 1.244772
503.768101 1.244794
503.770988 1.244824
503.773101 1.244846
503.775988 1.244877
503.778101 1.244899
503.780988 1.244929
503.783101 1.244951
503.785988 1.244981
503.788101 1.245003
503.790988 1.245034
503.793101 1.245056
503.795988 1.245086
503.798101 1.245109
503.800988 1.245139
503.803101 1.245161
503.805988 1.245191
503.808101 1.245214
503.810988 1.245244
503.813101 1.245266
503.815988 1.245296
503.818101 1.245319
503.820988 1.245349
503.823101 1.245371
503.825988 1.245401
503.828101 1.245424
503.830988 1.245454
503.833101 1.245476
503.835988 1.245507
503.838101 1.245529
503.840988 1.245560
503.843101 1.245582
503.845988 1.245613
503.848101 1.245635
503.850988 1.245666
503.853101 1.245688
503.855988 1.245719
503.858101 1.245741
503.860988 1.245772
503.863101 1.245794
503.865988 1.245825
503.868101 1.245847
503.870988 1.245878
503.873101 1.245900
503.875988 1.245931
503.878101 1.245954
503.880988 1.245984
503.883101 1.246007
503.885988 1.246038
503.888101 1.246060
503.890988 1.246091
503.893101 1.246114
503.895988 1.246145
503.898101 1.246168
503.900988 1.246199
503.903101 1.246222
503.905988 1.246253
503.908101 1.246275
503.910988 1.246306
503.913101 1.246329
503.915988 1.246360
503.918101 1.246383
503.920988 1.246414
503.923101 1.246437
503.925988 1.246468
503.928101 1.246490
503.930988 1.246521
503.933101 1.246544
503.935988 1.246575
503.938101 1.246598
503.940988 1.246629
503.943101 1.246652
503.945988 1.246683
503.948101 1.246705
503.950988 1.246737
503.953101 1.246759
503.955988 1.246791
503.958101 1.246814
503.960988 1.246845
503.963101 1.246868
503.965988 1.246899
503.968101 1.246922
503.970988 1.246954
503.973101 1.246977
503.975988 1.247008
503.978101 1.247031
503.980988 1.247062
503.983101 1.247085
503.985988 1.247117
503.988101 1.247140
503.990988 1.247171
503.993101 1.247194
503.995988 1.247226
503.998101 1.247249
504.000988 1.247280
504.003101 1.247303
504.005988 1.247335
504.008101 1.247358
504.010988 1.247389
504.013101 1.247412
504.015988 1.247444
504.018101 1.247467
504.020988 1.247499
504.023101 1.247522
504.025988 1.247554
504.028101 1.247578
504.030988 1.247609
504.033101 1.247632
504.035988 1.247664
504.038101 1.247687
504.040988 1.247719
504.043101 1.247742
504.045988 1.247774
504.048101 1.247797
504.050988 1.247829
504.053101 1.247852
504.055988 1.247884
504.058101 1.247908
504.060988 1.247940
504.063101 1.247963
504.065988 1.247995
504.068101 1.248019
504.070988 1.248051
504.073101 1.248074
504.075988 1.248107
504.078101 1.248130
504.080988 1.248162
504.083101 1.248185
504.085988 1.248217
504.088101 1.248241
504.090988 1.248273
504.093101 1.248297
504.095988 1.248329
504.098101 1.248352
504.100988 1.248384
504.103101 1.248408
504.105988 1.248440
504.108101 1.248463
504.110988 1.248496
504.113101 1.248519
504.115988 1.248552
504.118101 1.248575
504.120988 1.248608
504.123101 1.248632
504.125988 1.248664
504.128101 1.248688
504.130988 1.248720
504.133101 1.248744
504.135988 1.248776
504.138101 1.248800
504.140988 1.248832
504.143101 1.248856
504.145988 1.248889
504.148101 1.248912
504.150988 1.248945
504.153101 1.248969
504.155988 1.249002
504.158101 1.249026
504.160988 1.249058
504.163101 1.249082
504.165988 1.249115
504.168101 1.249139
504.170988 1.249172
504.173101 1.249196
504.175988 1.249229
504.178101 1.249253
504.180988 1.249286
504.183101 1.249310
504.185988 1.249343
504.188101 1.249367
504.190988 1.249400
504.193101 1.249424
504.195988 1.249457
504.198101 1.249481
504.200988 1.249513
504.203101 1.249538
504.205988 1.249570
504.208101 1.249595
504.210988 1.249628
504.213101 1.249652
504.215988 1.249685
504.218101 1.249709
504.220988 1.249742
504.223101 1.249767
504.225988 1.249800
504.228101 1.249824
504.230988 1.249857
504.233101 1.249882
504.235988 1.249915
504.238101 1.249939
504.240988 1.249972
504.243101 1.249997
504.245988 1.250030
504.248101 1.250054
504.250988 1.250088
504.253101 1.250112
504.255988 1.250146
504.258101 1.250170
504.260988 1.250204
504.263101 1.250229
504.265988 1.250262
504.268101 1.250287
504.270988 1.250320
504.273101 1.250345
504.275988 1.250379
504.278101 1.250403
504.280988 1.250436
504.283101 1.250461
504.285988 1.250495
504.288101 1.250519
504.290988 1.250553
504.293101 1.250578
504.295988 1.250612
504.298101 1.250637
504.300988 1.250671
504.303101 1.250696
504.305988 1.250730
504.308101 1.250755
504.310988 1.250789
504.313101 1.250813
504.315988 1.250847
504.318101 1.250872
504.320988 1.250906
504.323101 1.250931
504.325988 1.250965
504.328101 1.250990
504.330988 1.251024
504.333101 1.251049
504.335988 1.251083
504.338101 1.251108
504.340988 1.251142
504.343101 1.251167
504.345988 1.251202
504.348101 1.251227
504.350988 1.251261
504.353101 1.251286
504.355988 1.251321
504.358101 1.251346
504.360988 1.251381
504.363101 1.251406
504.365988 1.251440
504.368101 1.251466
504.370988 1.251500
504.373101 1.251526
504.375988 1.251560
504.378101 1.251586
504.380988 1.251620
504.383101 1.251646
504.385988 1.251680
504.388101 1.251706
504.390988 1.251741
504.393101 1.251766
504.395988 1.251801
504.398101 1.251826
504.400988 1.251861
504.403101 1.251886
504.405988 1.251921
504.408101 1.251947
504.410988 1.251982
504.413101 1.252007
504.415988 1.252042
504.418101 1.252068
504.420988 1.252103
504.423101 1.252128
504.425988 1.252163
504.428101 1.252189
504.430988 1.252224
504.433101 1.252250
504.435988 1.252285
504.438101 1.252310
504.440988 1.252346
504.443101 1.252371
504.445988 1.252407
504.448101 1.252432
504.450988 1.252468
504.453101 1.252493
504.455988 1.252529
504.458101 1.252555
504.460988 1.252590
504.463101 1.252616
504.465988 1.252651
504.468101 1.252677
504.470988 1.252713
504.473101 1.252739
504.475988 1.252775
504.478101 1.252801
504.480988 1.252836
504.483101 1.252863
504.485988 1.252898
504.488101 1.252924
504.490988 1.252960
504.493101 1.252986
504.495988 1.253022
504.498101 1.253049
504.500988 1.253085
504.503101 1.253111
504.505988 1.253147
504.508101 1.253173
504.510988 1.253209
504.513101 1.253235
504.515988 1.253271
504.518101 1.253297
504.520988 1.253333
504.523101 1.253360
504.525988 1.253396
504.528101 1.253422
504.530988 1.253458
504.533101 1.253485
504.535988 1.253521
504.538101 1.253548
504.540988 1.253584
504.543101 1.253611
504.545988 1.253647
504.548101 1.253674
504.550988 1.253711
504.553101 1.253737
504.555988 1.253774
504.558101 1.253801
504.560988 1.253837
504.563101 1.253864
504.565988 1.253901
504.568101 1.253927
504.570988 1.253964
504.573101 1.253991
504.575988 1.254028
504.578101 1.254055
504.580988 1.254092
504.583101 1.254119
504.585988 1.254155
504.588101 1.254182
504.590988 1.254219
504.593101 1.254246
504.595988 1.254283
504.598101 1.254310
504.600988 1.254348
504.603101 1.254375
504.605988 1.254412
504.608101 1.254439
504.610988 1.254477
504.613101 1.254504
504.615988 1.254542
504.618101 1.254569
504.620988 1.254607
504.623101 1.254634
504.625988 1.254672
504.628101 1.254700
504.630988 1.254737
504.633101 1.254765
504.635988 1.254802
504.638101 1.254830
504.640988 1.254868
504.643101 1.254895
504.645988 1.254933
504.648101 1.254961
504.650988 1.254998
504.653101 1.255026
504.655988 1.255064
504.658101 1.255092
504.660988 1.255130
504.663101 1.255158
504.665988 1.255196
504.668101 1.255224
504.670988 1.255262
504.673101 1.255290
504.675988 1.255328
504.678101 1.255356
504.680988 1.255394
504.683101 1.255422
504.685988 1.255461
504.688101 1.255489
504.690988 1.255528
504.693101 1.255556
504.695988 1.255595
504.698101 1.255623
504.700988 1.255662
504.703101 1.255690
504.705988 1.255729
504.708101 1.255758
504.710988 1.255797
504.713101 1.255825
504.715988 1.255864
504.718101 1.255893
504.720988 1.255932
504.723101 1.255961
504.725988 1.256000
504.728101 1.256029
504.730988 1.256068
504.733101 1.256097
504.735988 1.256136
504.738101 1.256165
504.740988 1.256204
504.743101 1.256234
504.745988 1.256273
504.748101 1.256302
504.750988 1.256342
504.753101 1.256371
504.755988 1.256412
504.758101 1.256441
504.760988 1.256481
504.763101 1.256510
504.765988 1.256550
504.768101 1.256580
504.770988 1.256620
504.773101 1.256649
504.775988 1.256690
504.778101 1.256719
504.780988 1.256760
504.783101 1.256789
504.785988 1.256830
504.788101 1.256860
504.790988 1.256900
504.793101 1.256930
504.795988 1.256971
504.798101 1.257000
504.800988 1.257041
504.803101 1.257071
504.805988 1.257112
504.808101 1.257142
504.810988 1.257183
504.813101 1.257213
504.815988 1.257254
504.818101 1.257284
504.820988 1.257326
504.823101 1.257356
504.825988 1.257397
504.828101 1.257428
504.830988 1.257470
504.833101 1.257500
504.835988 1.257542
504.838101 1.257573
504.840988 1.257615
504.843101 1.257646
504.845988 1.257688
504.848101 1.257719
504.850988 1.257761
504.853101 1.257792
504.855988 1.257835
504.858101 1.257866
504.860988 1.257908
504.863101 1.257940
504.865988 1.257983
504.868101 1.258014
504.870988 1.258057
504.873101 1.258088
504.875988 1.258131
504.878101 1.258163
504.880988 1.258206
504.883101 1.258238
504.885988 1.258281
504.888101 1.258313
504.890988 1.258357
504.893101 1.258389
504.895988 1.258433
504.898101 1.258465
504.900988 1.258509
504.903101 1.258541
504.905988 1.258586
504.908101 1.258618
504.910988 1.258662
504.913101 1.258695
504.915988 1.258740
504.918101 1.258773
504.920988 1.258817
504.923101 1.258850
504.925988 1.258895
504.928101 1.258928
504.930988 1.258974
504.933101 1.259007
504.935988 1.259053
504.938101 1.259086
504.940988 1.259132
504.943101 1.259166
504.945988 1.259212
504.948101 1.259246
504.950988 1.259292
504.953101 1.259326
504.955988 1.259373
504.958101 1.259407
504.960988 1.259454
504.963101 1.259488
504.965988 1.259535
504.968101 1.259570
504.970988 1.259618
504.973101 1.259653
504.975988 1.259701
504.978101 1.259737
504.980988 1.259785
504.983101 1.259821
504.985988 1.259870
504.988101 1.259906
504.990988 1.259956
504.993101 1.259992
504.995988 1.260042
504.998101 1.260079
505.000988 1.260129
505.003101 1.260167
505.005988 1.260218
505.008101 1.260255
505.010988 1.260307
505.013101 1.260345
505.015988 1.260397
505.018101 1.260435
505.020988 1.260488
505.023101 1.260527
505.025988 1.260581
505.028101 1.260622
505.030988 1.260677
505.033101 1.260718
505.035988 1.260775
505.038101 1.260817
505.040988 1.260875
505.043101 1.260919
505.045988 1.260980
505.048101 1.261026
505.050988 1.261091
505.053101 1.261141
505.055988 1.261212
