2.071541 1.294673
7.731097 1.294672
11.833580 1.294669
17.382216 1.294665
21.404293 1.294660
26.844176 1.294653
30.787422 1.294646
36.120689 1.294636
39.986651 1.294627
45.215387 1.294614
49.005577 1.294604
54.131835 1.294588
57.847741 1.294576
62.873526 1.294558
66.516601 1.294544
71.443884 1.294523
75.015558 1.294508
79.846269 1.294485
83.347940 1.294468
88.083972 1.294443
91.517013 1.294424
96.160221 1.294397
99.525976 1.294377
104.078181 1.294348
107.377969 1.294326
111.840952 1.294295
115.076067 1.294272
119.451579 1.294239
122.623287 1.294214
126.913041 1.294180
130.022586 1.294154
134.228264 1.294117
137.276864 1.294089
141.400113 1.294051
144.388961 1.294022
148.431397 1.293982
151.361666 1.293952
155.324873 1.293910
158.197710 1.293879
162.083240 1.293835
164.899771 1.293802
168.709147 1.293757
171.470476 1.293724
175.205191 1.293677
177.912400 1.293642
181.573916 1.293593
184.228065 1.293557
187.817818 1.293507
190.419948 1.293469
193.939344 1.293418
196.490473 1.293379
199.940891 1.293325
202.442019 1.293286
205.824811 1.293231
208.276919 1.293190
211.593410 1.293133
213.997458 1.293091
217.248948 1.293033
219.605878 1.292990
222.793641 1.292930
225.104377 1.292886
228.229661 1.292824
230.495107 1.292779
233.559138 1.292715
235.780184 1.292669
238.784162 1.292605
240.961676 1.292557
243.906776 1.292491
246.041612 1.292442
248.928991 1.292375
251.021986 1.292325
253.852775 1.292256
255.904748 1.292205
258.680054 1.292135
260.691810 1.292083
263.412722 1.292011
265.385049 1.291958
268.052632 1.291885
269.986302 1.291830
272.601603 1.291755
274.497375 1.291700
277.061418 1.291623
278.920033 1.291567
281.433822 1.291489
283.256010 1.291431
285.720530 1.291351
287.507004 1.291293
289.923221 1.291212
291.674680 1.291152
294.043541 1.291070
295.760673 1.291010
298.083105 1.290926
299.766583 1.290864
302.043497 1.290779
303.693980 1.290716
305.926267 1.290629
307.544401 1.290565
309.732938 1.290477
311.319357 1.290412
313.465000 1.290322
315.020326 1.290256
317.123916 1.290165
318.648759 1.290098
320.711119 1.290005
322.206076 1.289937
324.228015 1.289843
325.693672 1.289773
327.675982 1.289678
329.112913 1.289607
331.056371 1.289510
332.465139 1.289438
334.370506 1.289340
335.751663 1.289267
337.619687 1.289168
338.973774 1.289094
340.805185 1.288993
342.132733 1.288918
343.928249 1.288816
345.229778 1.288740
346.990103 1.288636
348.266123 1.288559
349.991947 1.288454
351.242957 1.288376
352.934957 1.288268
354.161448 1.288189
355.820285 1.288081
357.022738 1.288000
358.649063 1.287891
359.827948 1.287809
361.422397 1.287698
362.578177 1.287616
364.141377 1.287504
365.274504 1.287421
366.807066 1.287307
367.917985 1.287223
369.420509 1.287108
370.509654 1.287023
371.982730 1.286905
373.050529 1.286819
374.494734 1.286700
375.541604 1.286613
376.957503 1.286494
377.983855 1.286406
379.372003 1.286285
380.378240 1.286196
381.739181 1.286074
382.725696 1.285983
384.059964 1.285859
385.027144 1.285768
386.335261 1.285643
387.283484 1.285551
388.565963 1.285424
389.495603 1.285331
390.752945 1.285203
391.664364 1.285109
392.897064 1.284980
393.790619 1.284885
394.999158 1.284754
395.875201 1.284658
397.060053 1.284525
397.918926 1.284428
399.080556 1.284295
399.922595 1.284197
401.061458 1.284063
401.886994 1.283964
403.003536 1.283828
403.812891 1.283728
404.907550 1.283590
405.701042 1.283489
406.774246 1.283351
407.552187 1.283249
408.604357 1.283110
409.367050 1.283007
410.398598 1.282866
411.146343 1.282762
412.157673 1.282620
412.890763 1.282515
413.882272 1.282372
414.600993 1.282266
415.573069 1.282121
416.277704 1.282014
417.230728 1.281868
417.921553 1.281760
418.855897 1.281613
419.533182 1.281505
420.449215 1.281356
421.113225 1.281247
422.011304 1.281097
422.662300 1.280986
423.542777 1.280836
424.181014 1.280725
425.044234 1.280573
425.669962 1.280461
426.516264 1.280308
427.129728 1.280195
427.959442 1.280040
428.560883 1.279926
429.374335 1.279770
429.963988 1.279656
430.761497 1.279499
431.339593 1.279384
432.121472 1.279226
432.688238 1.279110
433.454792 1.278950
434.010449 1.278833
434.761979 1.278673
435.306746 1.278555
436.043547 1.278393
436.577637 1.278275
437.299997 1.278112
437.823619 1.277992
438.531820 1.277828
439.045180 1.277708
439.739501 1.277543
440.242799 1.277422
440.923512 1.277256
441.416946 1.277134
442.084317 1.276968
442.568080 1.276846
443.222371 1.276677
443.696652 1.276554
444.338121 1.276384
444.803106 1.276260
445.432002 1.276089
445.887874 1.275964
446.504443 1.275794
446.951380 1.275668
447.555865 1.275496
447.994043 1.275369
448.586680 1.275196
449.016270 1.275069
449.597292 1.274895
450.018462 1.274767
450.588096 1.274592
451.001011 1.274463
451.559481 1.274287
451.964304 1.274157
452.511828 1.273980
452.908716 1.273850
453.445509 1.273672
453.834618 1.273541
454.360891 1.273362
454.742374 1.273231
455.258331 1.273051
455.632337 1.272919
456.138183 1.272738
456.504858 1.272605
457.000789 1.272423
457.360278 1.272290
457.846490 1.272107
458.198933 1.271973
458.675614 1.271790
459.021150 1.271655
459.488489 1.271471
459.827252 1.271336
460.285432 1.271150
460.617556 1.271014
461.066755 1.270828
461.392369 1.270691
461.832765 1.270504
462.151997 1.270367
462.583761 1.270179
462.896737 1.270041
463.320038 1.269852
463.626880 1.269714
464.041885 1.269525
464.342713 1.269386
464.749584 1.269195
465.044515 1.269056
465.443412 1.268865
465.732563 1.268725
466.123642 1.268533
466.407126 1.268393
466.790540 1.268200
467.068468 1.268059
467.444367 1.267866
467.716847 1.267724
468.085379 1.267530
468.352519 1.267388
468.713828 1.267193
468.975732 1.267051
469.329959 1.266855
469.586731 1.266712
469.934015 1.266515
470.185754 1.266372
470.526232 1.266176
470.773037 1.266032
471.106842 1.265834
471.348809 1.265689
471.676071 1.265491
471.913297 1.265346
472.234145 1.265147
472.466721 1.265002
472.781281 1.264802
473.009298 1.264656
473.317693 1.264455
473.541241 1.264309
473.843591 1.264109
474.062758 1.263962
474.359183 1.263761
474.574054 1.263614
474.864669 1.263412
475.075329 1.263264
475.360247 1.263061
475.566779 1.262913
475.846113 1.262710
476.048597 1.262562
476.322456 1.262358
476.520971 1.262210
476.789463 1.262006
476.984087 1.261857
477.247317 1.261652
477.438127 1.261503
477.696198 1.261298
477.883267 1.261148
478.136280 1.260942
478.319684 1.260792
478.567737 1.260586
478.747546 1.260435
478.990738 1.260229
479.167023 1.260078
479.405449 1.259872
479.578278 1.259721
479.812031 1.259513
479.981473 1.259362
480.210644 1.259155
480.376766 1.259003
480.601445 1.258794
480.764311 1.258642
480.984587 1.258434
481.144260 1.258282
481.360219 1.258073
481.516763 1.257920
481.728489 1.257711
481.881964 1.257558
482.089541 1.257349
482.240008 1.257195
482.443517 1.256986
482.591035 1.256832
482.790555 1.256623
482.935182 1.256469
483.130791 1.256260
483.272583 1.256106
483.464359 1.255895
483.603372 1.255741
483.791389 1.255531
483.927677 1.255377
484.112009 1.255166
484.245627 1.255011
484.426346 1.254800
484.557344 1.254645
484.734521 1.254434
484.862953 1.254280
485.036657 1.254069
485.162571 1.253914
485.332871 1.253703
485.456317 1.253548
485.623279 1.253336
485.744306 1.253181
485.907996 1.252969
486.026650 1.252814
486.187132 1.252603
486.303461 1.252448
486.460797 1.252236
486.574846 1.252080
486.729099 1.251869
486.840913 1.251714
486.992142 1.251501
487.101764 1.251346
487.250030 1.251134
487.357504 1.250979
487.502863 1.250767
487.608230 1.250612
487.750741 1.250400
487.854043 1.250244
487.993760 1.250033
488.095038 1.249877
488.232017 1.249665
488.331309 1.249510
488.465603 1.249298
488.562950 1.249143
488.694612 1.248932
488.790051 1.248777
488.919132 1.248565
489.012700 1.248411
489.139252 1.248200
489.230986 1.248045
489.355058 1.247833
489.444994 1.247679
489.566633 1.247468
489.654807 1.247314
489.774063 1.247102
489.860508 1.246948
489.977426 1.246738
490.062177 1.246584
490.176804 1.246374
490.259894 1.246220
490.372274 1.246010
490.453736 1.245857
490.563913 1.245647
490.643778 1.245493
490.751796 1.245284
490.830096 1.245131
490.935997 1.244922
491.012762 1.244769
491.116587 1.244561
491.191848 1.244408
491.293638 1.244200
491.367424 1.244048
491.467219 1.243840
491.539558 1.243688
491.637398 1.243481
491.708319 1.243330
491.804241 1.243123
491.873773 1.242972
491.967815 1.242765
492.035983 1.242614
492.128182 1.242409
492.195015 1.242259
492.285406 1.242054
492.350929 1.241904
492.439549 1.241700
492.503788 1.241551
492.590671 1.241347
492.653650 1.241198
492.738831 1.240996
492.800576 1.240847
492.884087 1.240645
492.944622 1.240497
493.026496 1.240295
493.085844 1.240148
493.166113 1.239947
493.224299 1.239801
493.302995 1.239600
493.360040 1.239454
493.437194 1.239255
493.493121 1.239109
493.568762 1.238911
493.623593 1.238766
493.697752 1.238569
493.751508 1.238425
493.824214 1.238228
493.876916 1.238085
493.948197 1.237889
493.999866 1.237746
494.069750 1.237552
494.120407 1.237409
494.188920 1.237216
494.238585 1.237074
494.305756 1.236882
494.354446 1.236741
494.420301 1.236549
494.468037 1.236409
494.532601 1.236219
494.579402 1.236080
494.642700 1.235890
494.688583 1.235752
494.750641 1.235564
494.795625 1.235427
494.856467 1.235239
494.900569 1.235103
494.960218 1.234917
495.003457 1.234781
495.061937 1.234596
495.104327 1.234462
495.161661 1.234278
495.203221 1.234144
495.259431 1.233962
495.300176 1.233829
495.355285 1.233648
495.395231 1.233516
495.449260 1.233336
495.488423 1.233205
495.541393 1.233027
495.579789 1.232897
495.631720 1.232720
495.669364 1.232591
495.720277 1.232415
495.757183 1.232287
495.807099 1.232113
495.843281 1.231986
495.892218 1.231813
495.927692 1.231687
495.975670 1.231516
496.010448 1.231391
496.057486 1.231221
496.091582 1.231097
496.137698 1.230929
496.171126 1.230806
496.216338 1.230639
496.249111 1.230518
496.293437 1.230352
496.325568 1.230232
496.369025 1.230068
496.400526 1.229949
496.443131 1.229786
496.474015 1.229668
496.515785 1.229507
496.546063 1.229390
496.587015 1.229231
496.616700 1.229115
496.656849 1.228957
496.685952 1.228843
496.725314 1.228687
496.753847 1.228573
496.792437 1.228419
496.820411 1.228306
496.858245 1.228153
496.885670 1.228042
496.922763 1.227891
496.949650 1.227781
496.986016 1.227632
497.012377 1.227523
497.048030 1.227375
497.073874 1.227267
497.108828 1.227121
497.134166 1.227015
497.168435 1.226870
497.193276 1.226765
497.226873 1.226622
497.251227 1.226518
497.284166 1.226377
497.308043 1.226274
497.340336 1.226134
497.363745 1.226033
497.395405 1.225895
497.418355 1.225795
497.449395 1.225658
497.471895 1.225559
497.502327 1.225425
497.524386 1.225327
497.554221 1.225194
497.575848 1.225098
497.605098 1.224967
497.626301 1.224871
497.654978 1.224742
497.675766 1.224647
497.703881 1.224520
497.724261 1.224427
497.751825 1.224301
497.771805 1.224209
497.798829 1.224085
497.818418 1.223994
497.844912 1.223871
497.864117 1.223782
497.890092 1.223661
497.908920 1.223573
497.934386 1.223453
497.952846 1.223366
497.977812 1.223249
497.995910 1.223163
498.020387 1.223047
498.038130 1.222962
498.062128 1.222848
498.079523 1.222765
498.103051 1.222652
498.120105 1.222570
498.143171 1.222458
498.159891 1.222378
498.182505 1.222268
498.198897 1.222188
498.221068 1.222080
498.237139 1.222002
498.258876 1.221895
498.274632 1.221818
498.295942 1.221713
498.311389 1.221637
498.332282 1.221533
498.347427 1.221458
498.367910 1.221357
498.382757 1.221283
498.402839 1.221183
498.417396 1.221110
498.437084 1.221011
498.451355 1.220940
498.470657 1.220842
498.484649 1.220772
498.503573 1.220676
498.517290 1.220607
498.535843 1.220513
498.549292 1.220444
498.567481 1.220352
498.580666 1.220285
498.598499 1.220193
498.611426 1.220127
498.628909 1.220038
498.641582 1.219972
498.658723 1.219884
498.671148 1.219820
498.687953 1.219733
498.700134 1.219670
498.716609 1.219585
498.728552 1.219523
498.744705 1.219439
498.756413 1.219378
498.772249 1.219296
498.783728 1.219236
498.799254 1.219155
498.810508 1.219096
498.825729 1.219016
498.836762 1.218958
498.851685 1.218880
498.862502 1.218823
498.877133 1.218745
498.887738 1.218689
498.902082 1.218614
498.912479 1.218559
498.926542 1.218484
498.936735 1.218430
498.950522 1.218357
498.960516 1.218304
498.974033 1.218232
498.983831 1.218180
498.997082 1.218109
499.006688 1.218058
499.019680 1.217988
499.029098 1.217938
499.041836 1.217870
499.051069 1.217820
499.063556 1.217753
499.072608 1.217705
499.084851 1.217639
499.093726 1.217591
499.105729 1.217527
499.114430 1.217480
499.126198 1.217416
499.134728 1.217370
499.146265 1.217308
499.154628 1.217263
499.165939 1.217202
499.174138 1.217157
499.185228 1.217097
499.193266 1.217054
499.204138 1.216995
499.212019 1.216952
499.222678 1.216894
499.230404 1.216853
499.240854 1.216796
499.248429 1.216755
499.258675 1.216699
499.266101 1.216659
499.276145 1.216604
499.283426 1.216564
499.293274 1.216511
499.300412 1.216472
499.310067 1.216419
499.317065 1.216381
499.326530 1.216330
499.333392 1.216292
499.342671 1.216242
499.349398 1.216205
499.358496 1.216156
499.365091 1.216120
499.374010 1.216071
499.380476 1.216036
499.389221 1.215988
499.395560 1.215954
499.404133 1.215907
499.410348 1.215873
499.418753 1.215827
499.424846 1.215794
499.433087 1.215749
499.439060 1.215717
499.447139 1.215673
499.452996 1.215641
499.460916 1.215598
499.466658 1.215566
499.474423 1.215524
499.480052 1.215494
499.487666 1.215452
499.493184 1.215422
499.500649 1.215382
499.506059 1.215352
499.513377 1.215313
499.518681 1.215284
499.525856 1.215245
499.531056 1.215217
499.538090 1.215179
499.543189 1.215151
499.550085 1.215114
499.555083 1.215087
499.561844 1.215050
499.566745 1.215024
499.573373 1.214988
499.578178 1.214962
499.584676 1.214927
499.589387 1.214902
499.595758 1.214868
499.600376 1.214843
499.606622 1.214810
499.611150 1.214786
499.617273 1.214753
499.621712 1.214729
499.627716 1.214697
499.632068 1.214674
499.637954 1.214643
499.642220 1.214620
499.647991 1.214590
499.652174 1.214567
499.657832 1.214537
499.661933 1.214516
499.667479 1.214487
499.671500 1.214466
499.676938 1.214437
499.680880 1.214416
499.686211 1.214388
499.690076 1.214368
499.695303 1.214341
499.699091 1.214321
499.704216 1.214295
499.707930 1.214276
499.712954 1.214250
499.716596 1.214231
499.721522 1.214206
499.725092 1.214187
499.729921 1.214163
499.733422 1.214145
499.738156 1.214121
499.741588 1.214103
499.746229 1.214080
499.749594 1.214063
499.754144 1.214040
499.757443 1.214023
499.761904 1.214001
499.765138 1.213985
499.769512 1.213963
499.772683 1.213948
499.776971 1.213927
499.780080 1.213911
499.784284 1.213891
499.787331 1.213876
499.791453 1.213856
499.794441 1.213842
499.798482 1.213822
499.801411 1.213808
499.805373 1.213790
499.808245 1.213776
499.812129 1.213758
499.814944 1.213745
499.818752 1.213727
499.821513 1.213714
499.825246 1.213697
499.827952 1.213685
499.831612 1.213669
499.834266 1.213657
499.837854 1.213641
499.840455 1.213629
499.843973 1.213614
499.846524 1.213603
499.849973 1.213588
499.852473 1.213578
499.855855 1.213564
499.858306 1.213553
499.861621 1.213540
499.864024 1.213530
499.867275 1.213518
499.869631 1.213508
499.872817 1.213496
499.875127 1.213488
499.878252 1.213477
499.880516 1.213469
499.883579 1.213458
499.885799 1.213451
499.888802 1.213442
499.890979 1.213436
499.893923 1.213429
499.896057 1.213426
499.898944 1.213425
499.901037 1.213422
499.903871 1.213415
499.905945 1.213408
499.908778 1.213399
499.910852 1.213392
499.913686 1.213383
499.915760 1.213376
499.918594 1.213363
499.920668 1.213354
499.923501 1.213344
499.925575 1.213339
499.928409 1.213336
499.930483 1.213334
499.933317 1.213329
499.935390 1.213322
499.938224 1.213309
499.940298 1.213299
499.943132 1.213284
499.945206 1.213276
499.948039 1.213269
499.950113 1.213265
499.952947 1.213262
499.955021 1.213262
499.957855 1.213264
499.959929 1.213267
499.962762 1.213274
499.964836 1.213279
499.967670 1.213287
499.969744 1.213291
499.972578 1.213295
499.974651 1.213295
499.977485 1.213291
499.979559 1.213288
499.982393 1.213285
499.984467 1.213283
499.987300 1.213283
499.989374 1.213284
499.992208 1.213287
499.994282 1.213290
499.997116 1.213298
499.999189 1.213303
500.002023 1.213309
500.004097 1.213311
500.006931 1.213311
500.009005 1.213311
500.011839 1.213311
500.013912 1.213314
500.016746 1.213322
500.018820 1.213328
500.021654 1.213337
500.023728 1.213343
500.026561 1.213351
500.028635 1.213356
500.031469 1.213364
500.033543 1.213368
500.036377 1.213373
500.038450 1.213377
500.041284 1.213383
500.043358 1.213388
500.046192 1.213396
500.048266 1.213402
500.051099 1.213409
500.053173 1.213417
500.056007 1.213429
500.058101 1.213438
500.060988 1.213450
500.063101 1.213458
500.065988 1.213468
500.068101 1.213476
500.070988 1.213487
500.073101 1.213495
500.075988 1.213505
500.078101 1.213512
500.080988 1.213522
500.083101 1.213529
500.085988 1.213541
500.088101 1.213549
500.090988 1.213561
500.093101 1.213570
500.095988 1.213582
500.098101 1.213591
500.100988 1.213604
500.103101 1.213614
500.105988 1.213628
500.108101 1.213638
500.110988 1.213651
500.113101 1.213660
500.115988 1.213674
500.118101 1.213683
500.120988 1.213697
500.123101 1.213707
500.125988 1.213721
500.128101 1.213731
500.130988 1.213745
500.133101 1.213756
500.135988 1.213769
500.138101 1.213780
500.140988 1.213794
500.143101 1.213804
500.145988 1.213818
500.148101 1.213829
500.150988 1.213843
500.153101 1.213854
500.155988 1.213869
500.158101 1.213879
500.160988 1.213894
500.163101 1.213905
500.165988 1.213920
500.168101 1.213931
500.170988 1.213946
500.173101 1.213957
500.175988 1.213972
500.178101 1.213983
500.180988 1.213998
500.183101 1.214009
500.185988 1.214025
500.188101 1.214036
500.190988 1.214051
500.193101 1.214062
500.195988 1.214077
500.198101 1.214089
500.200988 1.214104
500.203101 1.214115
500.205988 1.214131
500.208101 1.214142
500.210988 1.214158
500.213101 1.214169
500.215988 1.214185
500.218101 1.214197
500.220988 1.214213
500.223101 1.214224
500.225988 1.214240
500.228101 1.214252
500.230988 1.214268
500.233101 1.214279
500.235988 1.214295
500.238101 1.214307
500.240988 1.214323
500.243101 1.214335
500.245988 1.214351
500.248101 1.214363
500.250988 1.214380
500.253101 1.214391
500.255988 1.214408
500.258101 1.214420
500.260988 1.214436
500.263101 1.214448
500.265988 1.214464
500.268101 1.214476
500.270988 1.214493
500.273101 1.214505
500.275988 1.214521
500.278101 1.214534
500.280988 1.214550
500.283101 1.214562
500.285988 1.214579
500.288101 1.214591
500.290988 1.214608
500.293101 1.214620
500.295988 1.214637
500.298101 1.214649
500.300988 1.214666
500.303101 1.214678
500.305988 1.214695
500.308101 1.214707
500.310988 1.214724
500.313101 1.214736
500.315988 1.214753
500.318101 1.214765
500.320988 1.214782
500.323101 1.214795
500.325988 1.214812
500.328101 1.214824
500.330988 1.214841
500.333101 1.214854
500.335988 1.214871
500.338101 1.214884
500.340988 1.214901
500.343101 1.214913
500.345988 1.214930
500.348101 1.214943
500.350988 1.214960
500.353101 1.214973
500.355988 1.214990
500.358101 1.215003
500.360988 1.215020
500.363101 1.215032
500.365988 1.215050
500.368101 1.215063
500.370988 1.215080
500.373101 1.215093
500.375988 1.215110
500.378101 1.215123
500.380988 1.215140
500.383101 1.215153
500.385988 1.215171
500.388101 1.215183
500.390988 1.215201
500.393101 1.215214
500.395988 1.215231
500.398101 1.215244
500.400988 1.215262
500.403101 1.215275
500.405988 1.215292
500.408101 1.215305
500.410988 1.215323
500.413101 1.215336
500.415988 1.215354
500.418101 1.215367
500.420988 1.215385
500.423101 1.215398
500.425988 1.215416
500.428101 1.215429
500.430988 1.215446
500.433101 1.215460
500.435988 1.215477
500.438101 1.215490
500.440988 1.215508
500.443101 1.215521
500.445988 1.215539
500.448101 1.215552
500.450988 1.215570
500.453101 1.215584
500.455988 1.215602
500.458101 1.215615
500.460988 1.215633
500.463101 1.215646
500.465988 1.215664
500.468101 1.215677
500.470988 1.215695
500.473101 1.215709
500.475988 1.215727
500.478101 1.215740
500.480988 1.215758
500.483101 1.215772
500.485988 1.215790
500.488101 1.215803
500.490988 1.215821
500.493101 1.215835
500.495988 1.215853
500.498101 1.215866
500.500988 1.215884
500.503101 1.215898
500.505988 1.215916
500.508101 1.215929
500.510988 1.215948
500.513101 1.215961
500.515988 1.215979
500.518101 1.215993
500.520988 1.216011
500.523101 1.216025
500.525988 1.216043
500.528101 1.216057
500.530988 1.216075
500.533101 1.216089
500.535988 1.216107
500.538101 1.216120
500.540988 1.216139
500.543101 1.216152
500.545988 1.216171
500.548101 1.216184
500.550988 1.216203
500.553101 1.216217
500.555988 1.216235
500.558101 1.216249
500.560988 1.216267
500.563101 1.216281
500.565988 1.216299
500.568101 1.216313
500.570988 1.216331
500.573101 1.216345
500.575988 1.216364
500.578101 1.216377
500.580988 1.216396
500.583101 1.216410
500.585988 1.216428
500.588101 1.216442
500.590988 1.216461
500.593101 1.216475
500.595988 1.216493
500.598101 1.216507
500.600988 1.216526
500.603101 1.216539
500.605988 1.216558
500.608101 1.216572
500.610988 1.216591
500.613101 1.216605
500.615988 1.216623
500.618101 1.216637
500.620988 1.216656
500.623101 1.216670
500.625988 1.216689
500.628101 1.216703
500.630988 1.216722
500.633101 1.216735
500.635988 1.216754
500.638101 1.216768
500.640988 1.216787
500.643101 1.216801
500.645988 1.216820
500.648101 1.216834
500.650988 1.216853
500.653101 1.216867
500.655988 1.216886
500.658101 1.216900
500.660988 1.216919
500.663101 1.216933
500.665988 1.216952
500.668101 1.216966
500.670988 1.216985
500.673101 1.216999
500.675988 1.217018
500.678101 1.217032
500.680988 1.217051
500.683101 1.217065
500.685988 1.217084
500.688101 1.217098
500.690988 1.217117
500.693101 1.217131
500.695988 1.217151
500.698101 1.217165
500.700988 1.217184
500.703101 1.217198
500.705988 1.217217
500.708101 1.217231
500.710988 1.217250
500.713101 1.217264
500.715988 1.217284
500.718101 1.217298
500.720988 1.217317
500.723101 1.217331
500.725988 1.217350
500.728101 1.217364
500.730988 1.217384
500.733101 1.217398
500.735988 1.217417
500.738101 1.217432
500.740988 1.217451
500.743101 1.217465
500.745988 1.217485
500.748101 1.217499
500.750988 1.217518
500.753101 1.217532
500.755988 1.217552
500.758101 1.217566
500.760988 1.217585
500.763101 1.217600
500.765988 1.217619
500.768101 1.217633
500.770988 1.217653
500.773101 1.217667
500.775988 1.217687
500.778101 1.217701
500.780988 1.217720
500.783101 1.217735
500.785988 1.217754
500.788101 1.217768
500.790988 1.217788
500.793101 1.217802
500.795988 1.217822
500.798101 1.217836
500.800988 1.217856
500.803101 1.217870
500.805988 1.217890
500.808101 1.217904
500.810988 1.217924
500.813101 1.217938
500.815988 1.217958
500.818101 1.217972
500.820988 1.217992
500.823101 1.218006
500.825988 1.218026
500.828101 1.218040
500.830988 1.218060
500.833101 1.218075
500.835988 1.218094
500.838101 1.218109
500.840988 1.218128
500.843101 1.218143
500.845988 1.218163
500.848101 1.218177
500.850988 1.218197
500.853101 1.218212
500.855988 1.218231
500.858101 1.218246
500.860988 1.218266
500.863101 1.218280
500.865988 1.218300
500.868101 1.218315
500.870988 1.218334
500.873101 1.218349
500.875988 1.218369
500.878101 1.218383
500.880988 1.218403
500.883101 1.218418
500.885988 1.218438
500.888101 1.218452
500.890988 1.218472
500.893101 1.218487
500.895988 1.218507
500.898101 1.218521
500.900988 1.218541
500.903101 1.218556
500.905988 1.218576
500.908101 1.218591
500.910988 1.218611
500.913101 1.218625
500.915988 1.218645
500.918101 1.218660
500.920988 1.218680
500.923101 1.218695
500.925988 1.218715
500.928101 1.218729
500.930988 1.218749
500.933101 1.218764
500.935988 1.218784
500.938101 1.218799
500.940988 1.218819
500.943101 1.218834
500.945988 1.218854
500.948101 1.218869
500.950988 1.218889
500.953101 1.218904
500.955988 1.218924
500.958101 1.218939
500.960988 1.218959
500.963101 1.218974
500.965988 1.218994
500.968101 1.219009
500.970988 1.219029
500.973101 1.219044
500.975988 1.219064
500.978101 1.219079
500.980988 1.219099
500.983101 1.219114
500.985988 1.219134
500.988101 1.219149
500.990988 1.219169
500.993101 1.219184
500.995988 1.219204
500.998101 1.219219
501.000988 1.219239
501.003101 1.219254
501.005988 1.219275
501.008101 1.219289
501.010988 1.219310
501.013101 1.219325
501.015988 1.219345
501.018101 1.219360
501.020988 1.219380
501.023101 1.219395
501.025988 1.219416
501.028101 1.219431
501.030988 1.219451
501.033101 1.219466
501.035988 1.219486
501.038101 1.219501
501.040988 1.219522
501.043101 1.219537
501.045988 1.219557
501.048101 1.219572
501.050988 1.219592
501.053101 1.219607
501.055988 1.219628
501.058101 1.219643
501.060988 1.219663
501.063101 1.219678
501.065988 1.219699
501.068101 1.219714
501.070988 1.219735
501.073101 1.219750
501.075988 1.219770
501.078101 1.219785
501.080988 1.219806
501.083101 1.219821
501.085988 1.219841
501.088101 1.219857
501.090988 1.219877
501.093101 1.219892
501.095988 1.219913
501.098101 1.219928
501.100988 1.219949
501.103101 1.219964
501.105988 1.219984
501.108101 1.220000
501.110988 1.220020
501.113101 1.220035
501.115988 1.220056
501.118101 1.220071
501.120988 1.220092
501.123101 1.220107
501.125988 1.220128
501.128101 1.220143
501.130988 1.220164
501.133101 1.220179
501.135988 1.220200
501.138101 1.220215
501.140988 1.220236
501.143101 1.220251
501.145988 1.220272
501.148101 1.220287
501.150988 1.220308
501.153101 1.220323
501.155988 1.220344
501.158101 1.220359
501.160988 1.220380
501.163101 1.220395
501.165988 1.220416
501.168101 1.220431
501.170988 1.220452
501.173101 1.220467
501.175988 1.220488
501.178101 1.220504
501.180988 1.220524
501.183101 1.220540
501.185988 1.220561
501.188101 1.220576
501.190988 1.220597
501.193101 1.220612
501.195988 1.220633
501.198101 1.220648
501.200988 1.220669
501.203101 1.220685
501.205988 1.220706
501.208101 1.220721
501.210988 1.220742
501.213101 1.220757
501.215988 1.220778
501.218101 1.220794
501.220988 1.220815
501.223101 1.220830
501.225988 1.220851
501.228101 1.220867
501.230988 1.220888
501.233101 1.220903
501.235988 1.220924
501.238101 1.220940
501.240988 1.220961
501.243101 1.220976
501.245988 1.220997
501.248101 1.221013
501.250988 1.221034
501.253101 1.221049
501.255988 1.221071
501.258101 1.221086
501.260988 1.221107
501.263101 1.221123
501.265988 1.221144
501.268101 1.221159
501.270988 1.221180
501.273101 1.221196
501.275988 1.221217
501.278101 1.221233
501.280988 1.221254
501.283101 1.221269
501.285988 1.221291
501.288101 1.221306
501.290988 1.221327
501.293101 1.221343
501.295988 1.221364
501.298101 1.221380
501.300988 1.221401
501.303101 1.221417
501.305988 1.221438
501.308101 1.221454
501.310988 1.221475
501.313101 1.221490
501.315988 1.221512
501.318101 1.221527
501.320988 1.221549
501.323101 1.221564
501.325988 1.221586
501.328101 1.221601
501.330988 1.221623
501.333101 1.221638
501.335988 1.221660
501.338101 1.221675
501.340988 1.221697
501.343101 1.221712
501.345988 1.221734
501.348101 1.221749
501.350988 1.221771
501.353101 1.221786
501.355988 1.221808
501.358101 1.221824
501.360988 1.221845
501.363101 1.221861
501.365988 1.221882
501.368101 1.221898
501.370988 1.221919
501.373101 1.221935
501.375988 1.221957
501.378101 1.221972
501.380988 1.221994
501.383101 1.222010
501.385988 1.222031
501.388101 1.222047
501.390988 1.222069
501.393101 1.222084
501.395988 1.222106
501.398101 1.222122
501.400988 1.222143
501.403101 1.222159
501.405988 1.222181
501.408101 1.222197
501.410988 1.222218
501.413101 1.222234
501.415988 1.222256
501.418101 1.222271
501.420988 1.222293
501.423101 1.222309
501.425988 1.222331
501.428101 1.222346
501.430988 1.222368
501.433101 1.222384
501.435988 1.222406
501.438101 1.222422
501.440988 1.222443
501.443101 1.222459
501.445988 1.222481
501.448101 1.222497
501.450988 1.222519
501.453101 1.222534
501.455988 1.222556
501.458101 1.222572
501.460988 1.222594
501.463101 1.222610
501.465988 1.222632
501.468101 1.222648
501.470988 1.222669
501.473101 1.222685
501.475988 1.222707
501.478101 1.222723
501.480988 1.222745
501.483101 1.222761
501.485988 1.222783
501.488101 1.222799
501.490988 1.222821
501.493101 1.222837
501.495988 1.222859
501.498101 1.222875
501.500988 1.222896
501.503101 1.222912
501.505988 1.222934
501.508101 1.222950
501.510988 1.222972
501.513101 1.222988
501.515988 1.223010
501.518101 1.223026
501.520988 1.223048
501.523101 1.223064
501.525988 1.223086
501.528101 1.223103
501.530988 1.223125
501.533101 1.223141
501.535988 1.223163
501.538101 1.223179
501.540988 1.223201
501.543101 1.223217
501.545988 1.223239
501.548101 1.223255
501.550988 1.223277
501.553101 1.223293
501.555988 1.223315
501.558101 1.223331
501.560988 1.223353
501.563101 1.223370
501.565988 1.223392
501.568101 1.223408
501.570988 1.223430
501.573101 1.223446
501.575988 1.223468
501.578101 1.223484
501.580988 1.223506
501.583101 1.223523
501.585988 1.223545
501.588101 1.223561
501.590988 1.223583
501.593101 1.223599
501.595988 1.223622
501.598101 1.223638
501.600988 1.223660
501.603101 1.223676
501.605988 1.223699
501.608101 1.223715
501.610988 1.223737
501.613101 1.223753
501.615988 1.223776
501.618101 1.223792
501.620988 1.223814
501.623101 1.223830
501.625988 1.223853
501.628101 1.223869
501.630988 1.223891
501.633101 1.223908
501.635988 1.223930
501.638101 1.223946
501.640988 1.223969
501.643101 1.223985
501.645988 1.224007
501.648101 1.224024
501.650988 1.224046
501.653101 1.224062
501.655988 1.224085
501.658101 1.224101
501.660988 1.224123
501.663101 1.224140
501.665988 1.224162
501.668101 1.224179
501.670988 1.224201
501.673101 1.224217
501.675988 1.224240
501.678101 1.224256
501.680988 1.224279
501.683101 1.224295
501.685988 1.224318
501.688101 1.224334
501.690988 1.224356
501.693101 1.224373
501.695988 1.224395
501.698101 1.224412
501.700988 1.224434
501.703101 1.224451
501.705988 1.224473
501.708101 1.224490
501.710988 1.224512
501.713101 1.224529
501.715988 1.224551
501.718101 1.224568
501.720988 1.224590
501.723101 1.224607
501.725988 1.224629
501.728101 1.224646
501.730988 1.224669
501.733101 1.224685
501.735988 1.224708
501.738101 1.224724
501.740988 1.224747
501.743101 1.224763
501.745988 1.224786
501.748101 1.224803
501.750988 1.224825
501.753101 1.224842
501.755988 1.224865
501.758101 1.224881
501.760988 1.224904
501.763101 1.224920
501.765988 1.224943
501.768101 1.224960
501.770988 1.224982
501.773101 1.224999
501.775988 1.225022
501.778101 1.225038
501.780988 1.225061
501.783101 1.225078
501.785988 1.225101
501.788101 1.225117
501.790988 1.225140
501.793101 1.225157
501.795988 1.225179
501.798101 1.225196
501.800988 1.225219
501.803101 1.225236
501.805988 1.225258
501.808101 1.225275
501.810988 1.225298
501.813101 1.225315
501.815988 1.225338
501.818101 1.225354
501.820988 1.225377
501.823101 1.225394
501.825988 1.225417
501.828101 1.225434
501.830988 1.225456
501.833101 1.225473
501.835988 1.225496
501.838101 1.225513
501.840988 1.225536
501.843101 1.225553
501.845988 1.225575
501.848101 1.225592
501.850988 1.225615
501.853101 1.225632
501.855988 1.225655
501.858101 1.225672
501.860988 1.225695
501.863101 1.225712
501.865988 1.225735
501.868101 1.225752
501.870988 1.225775
501.873101 1.225791
501.875988 1.225815
501.878101 1.225831
501.880988 1.225854
501.883101 1.225871
501.885988 1.225894
501.888101 1.225911
501.890988 1.225934
501.893101 1.225951
501.895988 1.225974
501.898101 1.225991
501.900988 1.226014
501.903101 1.226031
501.905988 1.226054
501.908101 1.226071
501.910988 1.226094
501.913101 1.226111
501.915988 1.226135
501.918101 1.226152
501.920988 1.226175
501.923101 1.226192
501.925988 1.226215
501.928101 1.226232
501.930988 1.226255
501.933101 1.226272
501.935988 1.226295
501.938101 1.226312
501.940988 1.226336
501.943101 1.226353
501.945988 1.226376
501.948101 1.226393
501.950988 1.226416
501.953101 1.226433
501.955988 1.226456
501.958101 1.226474
501.960988 1.226497
501.963101 1.226514
501.965988 1.226537
501.968101 1.226554
501.970988 1.226578
501.973101 1.226595
501.975988 1.226618
501.978101 1.226635
501.980988 1.226659
501.983101 1.226676
501.985988 1.226699
501.988101 1.226716
501.990988 1.226740
501.993101 1.226757
501.995988 1.226780
501.998101 1.226797
502.000988 1.226821
502.003101 1.226838
502.005988 1.226861
502.008101 1.226878
502.010988 1.226902
502.013101 1.226919
502.015988 1.226943
502.018101 1.226960
502.020988 1.226983
502.023101 1.227000
502.025988 1.227024
502.028101 1.227041
502.030988 1.227065
502.033101 1.227082
502.035988 1.227105
502.038101 1.227123
502.040988 1.227146
502.043101 1.227163
502.045988 1.227187
502.048101 1.227204
502.050988 1.227228
502.053101 1.227245
502.055988 1.227269
502.058101 1.227286
502.060988 1.227309
502.063101 1.227327
502.065988 1.227350
502.068101 1.227368
502.070988 1.227391
502.073101 1.227409
502.075988 1.227432
502.078101 1.227449
502.080988 1.227473
502.083101 1.227490
502.085988 1.227514
502.088101 1.227532
502.090988 1.227555
502.093101 1.227573
502.095988 1.227596
502.098101 1.227614
502.100988 1.227637
502.103101 1.227655
502.105988 1.227678
502.108101 1.227696
502.110988 1.227720
502.113101 1.227737
502.115988 1.227761
502.118101 1.227778
502.120988 1.227802
502.123101 1.227819
502.125988 1.227843
502.128101 1.227861
502.130988 1.227885
502.133101 1.227902
502.135988 1.227926
502.138101 1.227943
502.140988 1.227967
502.143101 1.227985
502.145988 1.228009
502.148101 1.228026
502.150988 1.228050
502.153101 1.228067
502.155988 1.228091
502.158101 1.228109
502.160988 1.228133
502.163101 1.228150
502.165988 1.228174
502.168101 1.228192
502.170988 1.228216
502.173101 1.228233
502.175988 1.228257
502.178101 1.228275
502.180988 1.228299
502.183101 1.228316
502.185988 1.228340
502.188101 1.228358
502.190988 1.228382
502.193101 1.228399
502.195988 1.228423
502.198101 1.228441
502.200988 1.228465
502.203101 1.228483
502.205988 1.228507
502.208101 1.228524
502.210988 1.228548
502.213101 1.228566
502.215988 1.228590
502.218101 1.228608
502.220988 1.228632
502.223101 1.228650
502.225988 1.228674
502.228101 1.228691
502.230988 1.228716
502.233101 1.228733
502.235988 1.228757
502.238101 1.228775
502.240988 1.228799
502.243101 1.228817
502.245988 1.228841
502.248101 1.228859
502.250988 1.228883
502.253101 1.228901
502.255988 1.228925
502.258101 1.228943
502.260988 1.228967
502.263101 1.228985
502.265988 1.229009
502.268101 1.229027
502.270988 1.229051
502.273101 1.229069
502.275988 1.229093
502.278101 1.229111
502.280988 1.229135
502.283101 1.229153
502.285988 1.229177
502.288101 1.229195
502.290988 1.229220
502.293101 1.229237
502.295988 1.229262
502.298101 1.229280
502.300988 1.229304
502.303101 1.229322
502.305988 1.229346
502.308101 1.229364
502.310988 1.229388
502.313101 1.229406
502.315988 1.229431
502.318101 1.229449
502.320988 1.229473
502.323101 1.229491
502.325988 1.229515
502.328101 1.229533
502.330988 1.229558
502.333101 1.229575
502.335988 1.229600
502.338101 1.229618
502.340988 1.229642
502.343101 1.229660
502.345988 1.229685
502.348101 1.229703
502.350988 1.229727
502.353101 1.229745
502.355988 1.229770
502.358101 1.229788
502.360988 1.229812
502.363101 1.229830
502.365988 1.229855
502.368101 1.229873
502.370988 1.229898
502.373101 1.229916
502.375988 1.229940
502.378101 1.229958
502.380988 1.229983
502.383101 1.230001
502.385988 1.230025
502.388101 1.230043
502.390988 1.230068
502.393101 1.230086
502.395988 1.230111
502.398101 1.230129
502.400988 1.230154
502.403101 1.230172
502.405988 1.230197
502.408101 1.230215
502.410988 1.230239
502.413101 1.230257
502.415988 1.230282
502.418101 1.230300
502.420988 1.230325
502.423101 1.230343
502.425988 1.230368
502.428101 1.230386
502.430988 1.230411
502.433101 1.230429
502.435988 1.230454
502.438101 1.230472
502.440988 1.230497
502.443101 1.230515
502.445988 1.230540
502.448101 1.230558
502.450988 1.230583
502.453101 1.230601
502.455988 1.230626
502.458101 1.230644
502.460988 1.230669
502.463101 1.230688
502.465988 1.230712
502.468101 1.230731
502.470988 1.230756
502.473101 1.230774
502.475988 1.230799
502.478101 1.230817
502.480988 1.230842
502.483101 1.230860
502.485988 1.230885
502.488101 1.230904
502.490988 1.230929
502.493101 1.230947
502.495988 1.230972
502.498101 1.230990
502.500988 1.231015
502.503101 1.231034
502.505988 1.231059
502.508101 1.231077
502.510988 1.231102
502.513101 1.231120
502.515988 1.231145
502.518101 1.231164
502.520988 1.231189
502.523101 1.231207
502.525988 1.231232
502.528101 1.231251
502.530988 1.231276
502.533101 1.231294
502.535988 1.231319
502.538101 1.231338
502.540988 1.231363
502.543101 1.231381
502.545988 1.231407
502.548101 1.231425
502.550988 1.231450
502.553101 1.231469
502.555988 1.231494
502.558101 1.231512
502.560988 1.231538
502.563101 1.231556
502.565988 1.231581
502.568101 1.231600
502.570988 1.231625
502.573101 1.231644
502.575988 1.231669
502.578101 1.231688
502.580988 1.231713
502.583101 1.231731
502.585988 1.231757
502.588101 1.231775
502.590988 1.231801
502.593101 1.231819
502.595988 1.231845
502.598101 1.231863
502.600988 1.231889
502.603101 1.231907
502.605988 1.231932
502.608101 1.231951
502.610988 1.231976
502.613101 1.231995
502.615988 1.232021
502.618101 1.232039
502.620988 1.232065
502.623101 1.232083
502.625988 1.232109
502.628101 1.232127
502.630988 1.232153
502.633101 1.232171
502.635988 1.232197
502.638101 1.232215
502.640988 1.232241
502.643101 1.232260
502.645988 1.232285
502.648101 1.232304
502.650988 1.232329
502.653101 1.232348
502.655988 1.232374
502.658101 1.232392
502.660988 1.232418
502.663101 1.232437
502.665988 1.232462
502.668101 1.232481
502.670988 1.232507
502.673101 1.232525
502.675988 1.232551
502.678101 1.232570
502.680988 1.232595
502.683101 1.232614
502.685988 1.232640
502.688101 1.232659
502.690988 1.232684
502.693101 1.232703
502.695988 1.232729
502.698101 1.232748
502.700988 1.232774
502.703101 1.232792
502.705988 1.232818
502.708101 1.232837
502.710988 1.232863
502.713101 1.232882
502.715988 1.232907
502.718101 1.232926
502.720988 1.232952
502.723101 1.232971
502.725988 1.232997
502.728101 1.233016
502.730988 1.233041
502.733101 1.233060
502.735988 1.233086
502.738101 1.233105
502.740988 1.233131
502.743101 1.233150
502.745988 1.233176
502.748101 1.233195
502.750988 1.233221
502.753101 1.233240
502.755988 1.233266
502.758101 1.233285
502.760988 1.233310
502.763101 1.233329
502.765988 1.233355
502.768101 1.233374
502.770988 1.233400
502.773101 1.233419
502.775988 1.233445
502.778101 1.233465
502.780988 1.233491
502.783101 1.233510
502.785988 1.233536
502.788101 1.233555
502.790988 1.233581
502.793101 1.233600
502.795988 1.233626
502.798101 1.233645
502.800988 1.233671
502.803101 1.233690
502.805988 1.233716
502.808101 1.233735
502.810988 1.233761
502.813101 1.233781
502.815988 1.233807
502.818101 1.233826
502.820988 1.233852
502.823101 1.233871
502.825988 1.233897
502.828101 1.233917
502.830988 1.233943
502.833101 1.233962
502.835988 1.233988
502.838101 1.234007
502.840988 1.234034
502.843101 1.234053
502.845988 1.234079
502.848101 1.234098
502.850988 1.234124
502.853101 1.234144
502.855988 1.234170
502.858101 1.234189
502.860988 1.234216
502.863101 1.234235
502.865988 1.234261
502.868101 1.234280
502.870988 1.234307
502.873101 1.234326
502.875988 1.234352
502.878101 1.234372
502.880988 1.234398
502.883101 1.234417
502.885988 1.234444
502.888101 1.234463
502.890988 1.234490
502.893101 1.234509
502.895988 1.234535
502.898101 1.234555
502.900988 1.234581
502.903101 1.234601
502.905988 1.234627
502.908101 1.234647
502.910988 1.234673
502.913101 1.234692
502.915988 1.234719
502.918101 1.234738
502.920988 1.234765
502.923101 1.234784
502.925988 1.234811
502.928101 1.234830
502.930988 1.234857
502.933101 1.234876
502.935988 1.234903
502.938101 1.234922
502.940988 1.234949
502.943101 1.234969
502.945988 1.234995
502.948101 1.235015
502.950988 1.235041
502.953101 1.235061
502.955988 1.235088
502.958101 1.235107
502.960988 1.235134
502.963101 1.235153
502.965988 1.235180
502.968101 1.235200
502.970988 1.235226
502.973101 1.235246
502.975988 1.235273
502.978101 1.235292
502.980988 1.235319
502.983101 1.235339
502.985988 1.235365
502.988101 1.235385
502.990988 1.235412
502.993101 1.235432
502.995988 1.235458
502.998101 1.235478
503.000988 1.235505
503.003101 1.235524
503.005988 1.235551
503.008101 1.235571
503.010988 1.235598
503.013101 1.235618
503.015988 1.235644
503.018101 1.235664
503.020988 1.235691
503.023101 1.235711
503.025988 1.235738
503.028101 1.235757
503.030988 1.235784
503.033101 1.235804
503.035988 1.235831
503.038101 1.235851
503.040988 1.235878
503.043101 1.235898
503.045988 1.235925
503.048101 1.235944
503.050988 1.235971
503.053101 1.235991
503.055988 1.236018
503.058101 1.236038
503.060988 1.236065
503.063101 1.236085
503.065988 1.236112
503.068101 1.236132
503.070988 1.236159
503.073101 1.236179
503.075988 1.236206
503.078101 1.236226
503.080988 1.236253
503.083101 1.236273
503.085988 1.236300
503.088101 1.236320
503.090988 1.236347
503.093101 1.236367
503.095988 1.236394
503.098101 1.236414
503.100988 1.236441
503.103101 1.236461
503.105988 1.236489
503.108101 1.236509
503.110988 1.236536
503.113101 1.236556
503.115988 1.236583
503.118101 1.236603
503.120988 1.236630
503.123101 1.236650
503.125988 1.236678
503.128101 1.236698
503.130988 1.236725
503.133101 1.236745
503.135988 1.236773
503.138101 1.236793
503.140988 1.236820
503.143101 1.236840
503.145988 1.236868
503.148101 1.236888
503.150988 1.236915
503.153101 1.236935
503.155988 1.236963
503.158101 1.236983
503.160988 1.237010
503.163101 1.237030
503.165988 1.237058
503.168101 1.237078
503.170988 1.237105
503.173101 1.237126
503.175988 1.237153
503.178101 1.237173
503.180988 1.237201
503.183101 1.237221
503.185988 1.237249
503.188101 1.237269
503.190988 1.237296
503.193101 1.237317
503.195988 1.237344
503.198101 1.237364
503.200988 1.237392
503.203101 1.237412
503.205988 1.237440
503.208101 1.237460
503.210988 1.237488
503.213101 1.237508
503.215988 1.237536
503.218101 1.237556
503.220988 1.237584
503.223101 1.237604
503.225988 1.237632
503.228101 1.237652
503.230988 1.237680
503.233101 1.237701
503.235988 1.237728
503.238101 1.237749
503.240988 1.237776
503.243101 1.237797
503.245988 1.237825
503.248101 1.237845
503.250988 1.237873
503.253101 1.237893
503.255988 1.237921
503.258101 1.237942
503.260988 1.237969
503.263101 1.237990
503.265988 1.238018
503.268101 1.238038
503.270988 1.238066
503.273101 1.238087
503.275988 1.238115
503.278101 1.238135
503.280988 1.238163
503.283101 1.238184
503.285988 1.238212
503.288101 1.238232
503.290988 1.238260
503.293101 1.238281
503.295988 1.238309
503.298101 1.238329
503.300988 1.238357
503.303101 1.238378
503.305988 1.238406
503.308101 1.238427
503.310988 1.238455
503.313101 1.238475
503.315988 1.238504
503.318101 1.238524
503.320988 1.238552
503.323101 1.238573
503.325988 1.238601
503.328101 1.238622
503.330988 1.238650
503.333101 1.238671
503.335988 1.238699
503.338101 1.238720
503.340988 1.238748
503.343101 1.238769
503.345988 1.238797
503.348101 1.238818
503.350988 1.238846
503.353101 1.238867
503.355988 1.238895
503.358101 1.238916
503.360988 1.238944
503.363101 1.238965
503.365988 1.238993
503.368101 1.239014
503.370988 1.239042
503.373101 1.239063
503.375988 1.239091
503.378101 1.239112
503.380988 1.239141
503.383101 1.239161
503.385988 1.239190
503.388101 1.239211
503.390988 1.239239
503.393101 1.239260
503.395988 1.239289
503.398101 1.239309
503.400988 1.239338
503.403101 1.239359
503.405988 1.239387
503.408101 1.239408
503.410988 1.239437
503.413101 1.239458
503.415988 1.239486
503.418101 1.239507
503.420988 1.239536
503.423101 1.239557
503.425988 1.239586
503.428101 1.239606
503.430988 1.239635
503.433101 1.239656
503.435988 1.239685
503.438101 1.239706
503.440988 1.239735
503.443101 1.239756
503.445988 1.239784
503.448101 1.239805
503.450988 1.239834
503.453101 1.239855
503.455988 1.239884
503.458101 1.239905
503.460988 1.239934
503.463101 1.239955
503.465988 1.239984
503.468101 1.240005
503.470988 1.240034
503.473101 1.240055
503.475988 1.240084
503.478101 1.240105
503.480988 1.240134
503.483101 1.240155
503.485988 1.240184
503.488101 1.240205
503.490988 1.240234
503.493101 1.240255
503.495988 1.240284
503.498101 1.240305
503.500988 1.240334
503.503101 1.240356
503.505988 1.240385
503.508101 1.240406
503.510988 1.240435
503.513101 1.240456
503.515988 1.240485
503.518101 1.240506
503.520988 1.240536
503.523101 1.240557
503.525988 1.240586
503.528101 1.240607
503.530988 1.240636
503.533101 1.240658
503.535988 1.240687
503.538101 1.240708
503.540988 1.240737
503.543101 1.240759
503.545988 1.240788
503.548101 1.240809
503.550988 1.240839
503.553101 1.240860
503.555988 1.240889
503.558101 1.240911
503.560988 1.240940
503.563101 1.240961
503.565988 1.240991
503.568101 1.241012
503.570988 1.241042
503.573101 1.241063
503.575988 1.241092
503.578101 1.241114
503.580988 1.241143
503.583101 1.241165
503.585988 1.241194
503.588101 1.241216
503.590988 1.241245
503.593101 1.241267
503.595988 1.241296
503.598101 1.241318
503.600988 1.241347
503.603101 1.241369
503.605988 1.241398
503.608101 1.241420
503.610988 1.241450
503.613101 1.241471
503.615988 1.241501
503.618101 1.241522
503.620988 1.241552
503.623101 1.241574
503.625988 1.241603
503.628101 1.241625
503.630988 1.241655
503.633101 1.241676
503.635988 1.241706
503.638101 1.241728
503.640988 1.241757
503.643101 1.241779
503.645988 1.241809
503.648101 1.241831
503.650988 1.241860
503.653101 1.241882
503.655988 1.241912
503.658101 1.241934
503.660988 1.241964
503.663101 1.241985
503.665988 1.242015
503.668101 1.242037
503.670988 1.242067
503.673101 1.242089
503.675988 1.242119
503.678101 1.242141
503.680988 1.242170
503.683101 1.242192
503.685988 1.242222
503.688101 1.242244
503.690988 1.242274
503.693101 1.242296
503.695988 1.242326
503.698101 1.242348
503.700988 1.242378
503.703101 1.242400
503.705988 1.242430
503.708101 1.242452
503.710988 1.242482
503.713101 1.242504
503.715988 1.242534
503.718101 1.242556
503.720988 1.242586
503.723101 1.242608
503.725988 1.242639
503.728101 1.242661
503.730988 1.242691
503.733101 1.242713
503.735988 1.242743
503.738101 1.242765
503.740988 1.242795
503.743101 1.242818
503.745988 1.242848
503.748101 1.242870
503.750988 1.242900
503.753101 1.242922
503.755988 1.242953
503.758101 1.242975
503.760988 1.243005
503.763101 1.243027
503.765988 1.243058
503.768101 1.243080
503.770988 1.243110
503.773101 1.243133
503.775988 1.243163
503.778101 1.243185
503.780988 1.243216
503.783101 1.243238
503.785988 1.243269
503.788101 1.243291
503.790988 1.243322
503.793101 1.243344
503.795988 1.243374
503.798101 1.243397
503.800988 1.243427
503.803101 1.243450
503.805988 1.243480
503.808101 1.243503
503.810988 1.243533
503.813101 1.243556
503.815988 1.243586
503.818101 1.243609
503.820988 1.243640
503.823101 1.243662
503.825988 1.243693
503.828101 1.243715
503.830988 1.243746
503.833101 1.243769
503.835988 1.243799
503.838101 1.243822
503.840988 1.243853
503.843101 1.243875
503.845988 1.243906
503.848101 1.243929
503.850988 1.243960
503.853101 1.243982
503.855988 1.244013
503.858101 1.244036
503.860988 1.244067
503.863101 1.244089
503.865988 1.244120
503.868101 1.244143
503.870988 1.244174
503.873101 1.244196
503.875988 1.244227
503.878101 1.244250
503.880988 1.244281
503.883101 1.244304
503.885988 1.244335
503.888101 1.244358
503.890988 1.244389
503.893101 1.244412
503.895988 1.244443
503.898101 1.244466
503.900988 1.244497
503.903101 1.244520
503.905988 1.244551
503.908101 1.244574
503.910988 1.244605
503.913101 1.244628
503.915988 1.244659
503.918101 1.244682
503.920988 1.244713
503.923101 1.244736
503.925988 1.244768
503.928101 1.244790
503.930988 1.244822
503.933101 1.244845
503.935988 1.244876
503.938101 1.244899
503.940988 1.244931
503.943101 1.244954
503.945988 1.244985
503.948101 1.245008
503.950988 1.245040
503.953101 1.245063
503.955988 1.245094
503.958101 1.245117
503.960988 1.245149
503.963101 1.245172
503.965988 1.245203
503.968101 1.245226
503.970988 1.245258
503.973101 1.245281
503.975988 1.245313
503.978101 1.245336
503.980988 1.245368
503.983101 1.245391
503.985988 1.245423
503.988101 1.245446
503.990988 1.245478
503.993101 1.245501
503.995988 1.245533
503.998101 1.245556
504.000988 1.245588
504.003101 1.245611
504.005988 1.245643
504.008101 1.245666
504.010988 1.245698
504.013101 1.245721
504.015988 1.245753
504.018101 1.245776
504.020988 1.245808
504.023101 1.245832
504.025988 1.245864
504.028101 1.245887
504.030988 1.245919
504.033101 1.245943
504.035988 1.245975
504.038101 1.245998
504.040988 1.246030
504.043101 1.246054
504.045988 1.246086
504.048101 1.246109
504.050988 1.246141
504.053101 1.246165
504.055988 1.246197
504.058101 1.246221
504.060988 1.246253
504.063101 1.246276
504.065988 1.246309
504.068101 1.246332
504.070988 1.246365
504.073101 1.246388
504.075988 1.246421
504.078101 1.246444
504.080988 1.246477
504.083101 1.246500
504.085988 1.246533
504.088101 1.246556
504.090988 1.246589
504.093101 1.246613
504.095988 1.246645
504.098101 1.246669
504.100988 1.246701
504.103101 1.246725
504.105988 1.246758
504.108101 1.246782
504.110988 1.246814
504.113101 1.246838
504.115988 1.246871
504.118101 1.246894
504.120988 1.246927
504.123101 1.246951
504.125988 1.246984
504.128101 1.247008
504.130988 1.247040
504.133101 1.247064
504.135988 1.247097
504.138101 1.247121
504.140988 1.247154
504.143101 1.247178
504.145988 1.247211
504.148101 1.247235
504.150988 1.247268
504.153101 1.247292
504.155988 1.247325
504.158101 1.247349
504.160988 1.247382
504.163101 1.247406
504.165988 1.247439
504.168101 1.247463
504.170988 1.247496
504.173101 1.247520
504.175988 1.247553
504.178101 1.247577
504.180988 1.247611
504.183101 1.247635
504.185988 1.247668
504.188101 1.247692
504.190988 1.247725
504.193101 1.247750
504.195988 1.247783
504.198101 1.247807
504.200988 1.247841
504.203101 1.247865
504.205988 1.247898
504.208101 1.247923
504.210988 1.247956
504.213101 1.247980
504.215988 1.248014
504.218101 1.248038
504.220988 1.248072
504.223101 1.248096
504.225988 1.248130
504.228101 1.248154
504.230988 1.248188
504.233101 1.248212
504.235988 1.248246
504.238101 1.248270
504.240988 1.248304
504.243101 1.248328
504.245988 1.248362
504.248101 1.248387
504.250988 1.248420
504.253101 1.248445
504.255988 1.248479
504.258101 1.248503
504.260988 1.248537
504.263101 1.248562
504.265988 1.248596
504.268101 1.248621
504.270988 1.248654
504.273101 1.248679
504.275988 1.248713
504.278101 1.248738
504.280988 1.248772
504.283101 1.248797
504.285988 1.248831
504.288101 1.248856
504.290988 1.248890
504.293101 1.248915
504.295988 1.248949
504.298101 1.248974
504.300988 1.249008
504.303101 1.249033
504.305988 1.249067
504.308101 1.249092
504.310988 1.249126
504.313101 1.249151
504.315988 1.249185
504.318101 1.249210
504.320988 1.249245
504.323101 1.249270
504.325988 1.249304
504.328101 1.249329
504.330988 1.249364
504.333101 1.249389
504.335988 1.249423
504.338101 1.249449
504.340988 1.249483
504.343101 1.249508
504.345988 1.249543
504.348101 1.249568
504.350988 1.249603
504.353101 1.249628
504.355988 1.249663
504.358101 1.249688
504.360988 1.249723
504.363101 1.249748
504.365988 1.249783
504.368101 1.249808
504.370988 1.249843
504.373101 1.249869
504.375988 1.249903
504.378101 1.249929
504.380988 1.249964
504.383101 1.249989
504.385988 1.250024
504.388101 1.250050
504.390988 1.250085
504.393101 1.250110
504.395988 1.250146
504.398101 1.250171
504.400988 1.250206
504.403101 1.250232
504.405988 1.250267
504.408101 1.250293
504.410988 1.250328
504.413101 1.250354
504.415988 1.250389
504.418101 1.250415
504.420988 1.250450
504.423101 1.250476
504.425988 1.250511
504.428101 1.250537
504.430988 1.250573
504.433101 1.250599
504.435988 1.250634
504.438101 1.250660
504.440988 1.250696
504.443101 1.250722
504.445988 1.250757
504.448101 1.250783
504.450988 1.250819
504.453101 1.250845
504.455988 1.250880
504.458101 1.250907
504.460988 1.250942
504.463101 1.250969
504.465988 1.251004
504.468101 1.251031
504.470988 1.251066
504.473101 1.251093
504.475988 1.251129
504.478101 1.251155
504.480988 1.251191
504.483101 1.251217
504.485988 1.251253
504.488101 1.251280
504.490988 1.251316
504.493101 1.251342
504.495988 1.251378
504.498101 1.251405
504.500988 1.251441
504.503101 1.251467
504.505988 1.251504
504.508101 1.251530
504.510988 1.251567
504.513101 1.251593
504.515988 1.251629
504.518101 1.251656
504.520988 1.251693
504.523101 1.251719
504.525988 1.251756
504.528101 1.251782
504.530988 1.251819
504.533101 1.251846
504.535988 1.251882
504.538101 1.251909
504.540988 1.251946
504.543101 1.251973
504.545988 1.252010
504.548101 1.252036
504.550988 1.252073
504.553101 1.252100
504.555988 1.252137
504.558101 1.252164
504.560988 1.252201
504.563101 1.252228
504.565988 1.252265
504.568101 1.252292
504.570988 1.252329
504.573101 1.252356
504.575988 1.252394
504.578101 1.252421
504.580988 1.252458
504.583101 1.252485
504.585988 1.252523
504.588101 1.252550
504.590988 1.252587
504.593101 1.252615
504.595988 1.252652
504.598101 1.252680
504.600988 1.252717
504.603101 1.252745
504.605988 1.252782
504.608101 1.252810
504.610988 1.252847
504.613101 1.252875
504.615988 1.252913
504.618101 1.252940
504.620988 1.252978
504.623101 1.253006
504.625988 1.253044
504.628101 1.253071
504.630988 1.253109
504.633101 1.253137
504.635988 1.253175
504.638101 1.253203
504.640988 1.253241
504.643101 1.253269
504.645988 1.253307
504.648101 1.253335
504.650988 1.253373
504.653101 1.253402
504.655988 1.253440
504.658101 1.253468
504.660988 1.253506
504.663101 1.253535
504.665988 1.253573
504.668101 1.253601
504.670988 1.253640
504.673101 1.253668
504.675988 1.253707
504.678101 1.253735
504.680988 1.253774
504.683101 1.253802
504.685988 1.253841
504.688101 1.253869
504.690988 1.253908
504.693101 1.253937
504.695988 1.253976
504.698101 1.254005
504.700988 1.254044
504.703101 1.254072
504.705988 1.254112
504.708101 1.254140
504.710988 1.254180
504.713101 1.254208
504.715988 1.254248
504.718101 1.254277
504.720988 1.254316
504.723101 1.254345
504.725988 1.254385
504.728101 1.254414
504.730988 1.254453
504.733101 1.254483
504.735988 1.254522
504.738101 1.254551
504.740988 1.254591
504.743101 1.254621
504.745988 1.254661
504.748101 1.254690
504.750988 1.254730
504.753101 1.254759
504.755988 1.254800
504.758101 1.254829
504.760988 1.254870
504.763101 1.254899
504.765988 1.254939
504.768101 1.254969
504.770988 1.255010
504.773101 1.255039
504.775988 1.255080
504.778101 1.255110
504.780988 1.255151
504.783101 1.255181
504.785988 1.255221
504.788101 1.255251
504.790988 1.255292
504.793101 1.255323
504.795988 1.255364
504.798101 1.255394
504.800988 1.255435
504.803101 1.255465
504.805988 1.255507
504.808101 1.255537
504.810988 1.255579
504.813101 1.255609
504.815988 1.255651
504.818101 1.255681
504.820988 1.255723
504.823101 1.255754
504.825988 1.255795
504.828101 1.255826
504.830988 1.255868
504.833101 1.255899
504.835988 1.255941
504.838101 1.255972
504.840988 1.256014
504.843101 1.256045
504.845988 1.256088
504.848101 1.256119
504.850988 1.256162
504.853101 1.256193
504.855988 1.256236
504.858101 1.256267
504.860988 1.256310
504.863101 1.256342
504.865988 1.256385
504.868101 1.256416
504.870988 1.256460
504.873101 1.256491
504.875988 1.256535
504.878101 1.256567
504.880988 1.256610
504.883101 1.256642
504.885988 1.256686
504.888101 1.256718
504.890988 1.256762
504.893101 1.256795
504.895988 1.256839
504.898101 1.256871
504.900988 1.256916
504.903101 1.256948
504.905988 1.256993
504.908101 1.257026
504.910988 1.257070
504.913101 1.257103
504.915988 1.257148
504.918101 1.257182
504.920988 1.257227
504.923101 1.257260
504.925988 1.257306
504.928101 1.257339
504.930988 1.257385
504.933101 1.257418
504.935988 1.257465
504.938101 1.257498
504.940988 1.257545
504.943101 1.257579
504.945988 1.257625
504.948101 1.257659
504.950988 1.257706
504.953101 1.257741
504.955988 1.257788
504.958101 1.257823
504.960988 1.257871
504.963101 1.257905
504.965988 1.257953
504.968101 1.257989
504.970988 1.258037
504.973101 1.258072
504.975988 1.258121
504.978101 1.258156
504.980988 1.258205
504.983101 1.258241
504.985988 1.258291
504.988101 1.258327
504.990988 1.258377
504.993101 1.258414
504.995988 1.258464
504.998101 1.258502
505.000988 1.258553
505.003101 1.258590
505.005988 1.258642
505.008101 1.258679
505.010988 1.258732
505.013101 1.258770
505.015988 1.258823
505.018101 1.258862
505.020988 1.258915
505.023101 1.258955
505.025988 1.259009
505.028101 1.259050
505.030988 1.259105
505.033101 1.259147
505.035988 1.259204
505.038101 1.259246
505.040988 1.259305
505.043101 1.259349
505.045988 1.259410
505.048101 1.259455
505.050988 1.259519
505.053101 1.259569
505.055988 1.259641
