0.0000      2.030996
1.69564E-11	2.030996084
1.2401E-07	2.04010582
2.48557E-07	2.046775579
3.73355E-07	2.052306652
6.2404E-07	2.06044054
1.00196E-06	2.069713116
1.24846E-06	2.074755907
1.62344E-06	2.081100464
2.00001E-06	2.086306095
2.62108E-06	2.092324972
3.24884E-06	2.098506689
3.86792E-06	2.104037762
4.61614E-06	2.109731436
5.36678E-06	2.114774466
6.23888E-06	2.119817257
7.36481E-06	2.125185728
8.48614E-06	2.130716562
9.73514E-06	2.136085033
1.0984E-05	2.141128063
1.23559E-05	2.146170855
1.39787E-05	2.151213884
1.56013E-05	2.156582117
1.74756E-05	2.161625147
1.92229E-05	2.166668177
2.10959E-05	2.171711206
2.33463E-05	2.176753998
2.54945E-05	2.181797028
2.78347E-05	2.186840057
3.02093E-05	2.191883087
3.28296E-05	2.196925879
3.54503E-05	2.20213151
3.83231E-05	2.20717454
4.10685E-05	2.212217569
4.419E-05	2.217260599
4.73086E-05	2.222628832
5.08051E-05	2.227671862
5.41778E-05	2.232714891
5.76719E-05	2.237920523
6.12928E-05	2.243126154
6.54116E-05	2.248494387
6.92826E-05	2.253700018
7.34018E-05	2.258743048
7.73968E-05	2.263786077
8.16413E-05	2.268828869
8.60116E-05	2.273871899
9.05047E-05	2.27907753
9.52502E-05	2.284283161
0.000100117	2.289326191
0.000104863	2.294369221
0.000109855	2.299412012
0.000114974	2.304455042
0.000120216	2.309498072
0.000125584	2.314541101
0.000131078	2.319583893
0.000136696	2.324626923
0.000142439	2.329669952
0.000148185	2.334712982
0.000154053	2.339755774
0.000160291	2.344798803
0.000166658	2.350004435
0.000173277	2.355047464
0.000179766	2.360090494
0.000186509	2.365296125
0.000193501	2.370339155
0.00020037	2.375381947
0.000207483	2.380424976
0.000214724	2.385468006
0.000221967	2.390511036
0.000229456	2.395716667
0.000237323	2.400759459
0.000245061	2.405802488
0.000252928	2.410845518
0.000260919	2.415888548
0.000269034	2.420931339
0.000277148	2.425974369
0.000285887	2.431017399
0.000294377	2.436060429
0.00030274	2.44110322
0.000311979	2.44614625
0.000320967	2.45118928
0.00033008	2.456232309
0.000338947	2.461275101
0.000348432	2.46631813
0.00035767	2.47136116
0.000367407	2.47640419
0.00037702	2.481446981
0.000387259	2.486490011
0.000396996	2.491533041
0.000407235	2.496575832
0.000417347	2.501618862
0.000427458	2.506661892
0.000438195	2.511704922
0.000448684	2.516747713
0.000459545	2.521953583
0.000470655	2.526996374
0.000481518	2.532039404
0.000493254	2.537245035
0.000504614	2.542288065
0.000515975	2.547331095
0.000527711	2.552373886
0.000539072	2.557416916
0.000550934	2.562459946
0.000562795	2.567502975
0.00057478	2.572545767
0.00058689	2.577588797
0.000599124	2.582631826
0.000611985	2.587674856
0.000624471	2.592717648
0.000636827	2.597760677
0.000649686	2.602803707
0.000662421	2.607846737
0.000675404	2.612889528
0.000688764	2.617932558
0.000702621	2.622975588
0.000715356	2.628018618
0.00072859	2.633061409
0.000742323	2.638104439
0.000756057	2.643147469
0.000769916	2.648190498
0.000783774	2.65323329
0.00079838	2.65827632
0.000812239	2.663319349
0.000827099	2.668362141
0.000841203	2.67340517
0.000855812	2.6784482
0.000870292	2.68349123
0.000885525	2.688534021
0.000899883	2.693577051
0.000915362	2.698620081
0.000930591	2.703663111
0.000946078	2.708705902
0.000960803	2.713748932
0.000976657	2.718791962
0.000992514	2.723834991
0.001008243	2.728877783
0.001023972	2.733920813
0.001039951	2.738963842
0.001056056	2.744006872
0.001072411	2.749049664
0.001088516	2.754092693
0.001105118	2.759135723
0.001121847	2.764178753
0.001138325	2.769221544
0.001155428	2.774264574
0.001172656	2.779307604
0.00118976	2.784350634
0.001207112	2.789393425
0.001223965	2.794436455
0.001241441	2.799479485
0.001258919	2.804522514
0.001276648	2.809565306
0.001294254	2.814608335
0.001312479	2.819651365
0.001330581	2.824694395
0.001348309	2.829737186
0.001366535	2.834780216
0.001384764	2.839823246
0.00140349	2.844866276
0.001422465	2.849909067
0.001440943	2.854952097
0.001459792	2.859995127
0.001479143	2.865038157
0.001498618	2.870080948
0.001517472	2.875123978
0.001537195	2.880167007
0.00155667	2.885210037
0.001576767	2.890415668
0.001596866	2.89545846
0.001616468	2.90050149
0.001637191	2.905544519
0.001657168	2.910587549
0.001677892	2.915630341
0.001697991	2.92067337
0.001718965	2.9257164
0.001739815	2.93075943
0.001760663	2.935802221
0.00178151	2.940845251
0.001803357	2.946050882
0.00182508	2.951093912
0.001847178	2.956136942
0.001868149	2.961179733
0.001889499	2.966222763
0.001911096	2.971265793
0.001933196	2.976308823
0.001955791	2.981351614
0.001978014	2.986394644
0.002001112	2.991437674
0.002023834	2.996480703
0.002046433	3.001523495
0.002068402	3.006566525
0.002091871	3.011609554
0.002115466	3.016652584
0.002139311	3.021858215
0.002163777	3.026901007
0.002187246	3.031944036
0.002211092	3.036987066
0.002235186	3.042030096
0.002259776	3.047072887
0.002283497	3.052115917
0.002308462	3.057158947
0.002333307	3.062201977
0.002357652	3.067244768
0.002382744	3.072287798
0.002408589	3.077330828
0.002433935	3.082373857
0.002459401	3.087416649
0.002484743	3.092459679
0.00251071	3.097502708
0.002536801	3.102545738
0.002563395	3.10758853
0.002589857	3.112631559
0.002616198	3.117674589
0.002643166	3.122717619
0.002670256	3.12776041
0.002696721	3.13280344
0.002724061	3.13784647
0.002751027	3.1428895
0.002779242	3.147932291
0.002806834	3.152975321
0.002835298	3.158018351
0.002863515	3.16306138
0.002890977	3.168104172
0.002919316	3.173147202
0.002948531	3.178190231
0.002977618	3.183233261
0.003006707	3.188276052
0.003035668	3.193319082
0.003066004	3.198362112
0.003095966	3.203405142
0.003125805	3.208447933
0.003156142	3.213490963
0.003187227	3.218533993
0.003217686	3.223577023
0.003248897	3.228619814
0.003279983	3.233662844
0.003311444	3.238705873
0.003343901	3.243748665
0.003376112	3.248791695
0.00340882	3.253834724
0.003441403	3.258877754
0.003474112	3.263920546
0.003508066	3.268963575
0.003541774	3.274006605
0.003575857	3.279049635
0.003609688	3.284092426
0.003644518	3.289135456
0.003678227	3.294178486
0.003713431	3.299221516
0.003749261	3.304264307
0.003783967	3.309307337
0.003821047	3.314350367
0.003856878	3.319393396
0.003894707	3.324436188
0.003931791	3.329479218
0.003968866	3.334522247
0.004005818	3.339565277
0.004045139	3.344608068
0.004084339	3.349651098
0.004123666	3.354694128
0.004163737	3.359737158
0.004203436	3.364779949
0.004245008	3.369822979
0.004286204	3.374866009
0.004327276	3.379909039
0.004370595	3.38495183
0.004413164	3.38999486
0.004457233	3.395037889
0.004501797	3.400080919
0.004547115	3.405123711
0.004592557	3.41016674
0.004639622	3.41520977
0.004685937	3.4202528
0.004734251	3.425295591
0.004782562	3.430338621
0.004833872	3.435381651
0.00488493	3.440424681
0.004937113	3.445467472
0.004991686	3.450510502
0.005045101	3.455553532
0.005100779	3.460596561
0.00515895	3.465639353
0.005218501	3.470682383
0.005280797	3.475725412
0.005344463	3.480768442
0.005410252	3.485811234
0.005478417	3.490854263
0.005549082	3.495897293
0.005623111	3.500940323
0.005700757	3.505983114
0.005781153	3.511026144
0.005869537	3.516069174
0.005959673	3.521112204
0.006057422	3.526154995
0.006158288	3.531198025
0.006268271	3.536241055
0.006384997	3.541284084
0.006513204	3.546326876
0.006653399	3.551369905
0.006804208	3.556412935
0.006974486	3.561455727
0.007162869	3.566498756
0.007371856	3.571541786
0.007610804	3.576584816
0.007892828	3.581627607
0.008212663	3.586670637
0.008600664	3.591713667
0.009068058	3.596756697
0.009674031	3.601799488
0.010402447	3.606842518
0.011307388	3.611885548
0.01226776	3.615952492
0.013228143	3.619531393
0.014188542	3.622459412
0.015148888	3.625225067
0.016109237	3.62733984
0.017069593	3.629617214
0.018029935	3.631569386
0.018990297	3.633358717
0.019950625	3.634822845
0.020910972	3.636449575
0.02187133	3.637913704
0.022831671	3.639377832
0.02379203	3.640841961
0.024752382	3.641818047
0.025712753	3.643119335
0.026673108	3.644258261
0.027633449	3.645396948
0.028593783	3.646535635
0.029554129	3.647511721
0.030514486	3.648487806
0.031474829	3.649626493
0.032435173	3.650765181
0.033395563	3.651903868
0.034355905	3.653042793
0.035316293	3.65418148
0.036276674	3.655157566
0.037237058	3.655970812
0.038197457	3.657109499
0.039157856	3.657922983
0.040118277	3.658899069
0.041078687	3.659875154
0.042039101	3.66085124
0.042999514	3.661664486
0.043959947	3.66247797
0.044920389	3.663454056
0.045880851	3.6641047
0.046841212	3.665405989
0.047801551	3.666219473
0.048761906	3.667032957
0.049722265	3.668008804
0.050682624	3.66898489
0.051643002	3.669635773
0.052603368	3.670449018
0.053563728	3.671587706
0.054524114	3.67240119
0.055484498	3.673214436
0.056444892	3.673865318
0.057405283	3.674841404
0.058365652	3.67565465
0.05932601	3.676630735
0.060286386	3.67728138
0.061246767	3.678094864
0.062207155	3.67890811
0.063167551	3.679558992
0.064127946	3.680372238
0.065088329	3.680860281
0.066048721	3.681511164
0.067009106	3.681998968
0.067969506	3.682649851
0.06892989	3.683300495
0.069890292	3.683951139
0.070850694	3.684601784
0.071811091	3.684927225
0.072771445	3.685740709
0.073731789	3.686391354
0.074692113	3.687041998
0.075652462	3.687530041
0.076612806	3.688180685
0.077573147	3.688994169
0.078533493	3.689644814
0.079493845	3.689970255
0.08045418	3.690783501
0.0814145	3.691434383
0.082374827	3.691922426
0.083335177	3.692898512
0.084295517	3.693386316
0.085255868	3.6941998
0.086216227	3.694687843
0.087176604	3.695501328
0.088136959	3.696151972
0.089097317	3.696802616
0.090057685	3.6976161
0.091018058	3.698266745
0.091978448	3.698917389
0.092938807	3.699568033
0.093899191	3.700218916
0.094859596	3.70086956
0.095819986	3.701683044
0.096780376	3.702333689
0.097740774	3.702984333
0.098701192	3.703634977
0.099661598	3.70412302
0.100622027	3.704936504
0.10158246	3.705424547
0.102542879	3.706237793
0.103503247	3.706888676
0.104463621	3.707701921
0.105423987	3.708027363
0.106384364	3.708840609
0.107344743	3.709328651
0.108305122	3.709979534
0.109265511	3.710467339
0.110225921	3.710955381
0.111186297	3.711606264
0.112146669	3.711931467
0.113107037	3.71258235
0.114067381	3.713232994
0.11502774	3.713558197
0.115988108	3.71420908
0.116948478	3.714697123
0.117908852	3.715185165
0.118869214	3.715673208
0.119829592	3.716323853
0.12078995	3.716974497
0.121750288	3.71746254
0.122710625	3.717950583
0.123670965	3.718601227
0.124631211	3.71908927
0.125591659	3.719577312
0.126552	3.720065355
0.127512347	3.720716
0.128472708	3.721204042
0.129433068	3.721854687
0.130393409	3.72234273
0.131353758	3.722993612
0.132314103	3.723644257
0.133274466	3.724132299
0.134234819	3.724620342
0.135195187	3.725108385
0.136155572	3.725596428
0.137115964	3.726247072
0.138076355	3.726735115
0.139036724	3.727385759
0.139997083	3.727873802
0.140957438	3.728524446
0.141917807	3.729012489
0.1428782	3.729663372
0.143838566	3.730151415
0.144798948	3.730802059
0.145759332	3.731290102
0.146719746	3.731778145
0.147680146	3.732428789
0.148640538	3.73275423
0.149600933	3.733404875
0.150561317	3.734055519
0.151521712	3.734543562
0.152482127	3.735031605
0.15344253	3.735519648
0.154402941	3.73600769
0.155363364	3.736495733
0.156323786	3.736820936
0.157284195	3.737308979
0.158244576	3.737797022
0.159204968	3.738122463
0.160165349	3.738935947
0.161125723	3.739098549
0.162086117	3.739586592
0.163046509	3.739911795
0.164006895	3.740399837
0.164967279	3.74088788
0.165927662	3.741375923
0.166888055	3.741863966
0.167848464	3.742189407
0.168808864	3.74267745
0.169769256	3.743165493
0.170729639	3.743653536
0.17169002	3.743978739
0.172650389	3.744466782
0.173610805	3.744954824
0.174571194	3.745280266
0.175531579	3.74593091
0.17649198	3.746093512
0.177452369	3.746744394
0.178412773	3.747069597
0.179373189	3.747232437
0.180333533	3.748045683
0.181293861	3.748371124
0.182254194	3.749021769
0.183214517	3.749509811
0.184174864	3.749835253
0.185135206	3.750323296
0.186095534	3.7508111
0.187055882	3.751299143
0.188016218	3.751787186
0.188976563	3.752112627
0.189936933	3.752763271
0.190897289	3.753088713
0.191857632	3.753576756
0.192817981	3.7542274
0.193778321	3.754552841
0.194738682	3.754878044
0.195699067	3.755528927
0.196659438	3.75601697
0.197619813	3.756504774
0.198580196	3.756992817
0.199540601	3.75748086
0.20050101	3.757806301
0.201461402	3.758294344
0.202421769	3.758619785
0.203382138	3.75910759
0.204342497	3.759595633
0.205302872	3.760083675
0.206263254	3.760409117
0.207223618	3.76089716
0.208183975	3.761222601
0.209144343	3.761710644
0.210104721	3.761873245
0.211065089	3.762361288
0.21202546	3.762849331
0.212985714	3.763174534
0.2139462	3.763337374
0.21490656	3.763988018
0.215866915	3.764476061
0.216827265	3.764638662
0.217787609	3.765126705
0.218747973	3.765452147
0.219708332	3.766102791
0.220668685	3.766590834
0.221629036	3.766753435
0.222589403	3.767241478
0.223549763	3.767729521
0.224510128	3.767892122
0.225470503	3.768217564
0.226430847	3.768868208
0.227391161	3.769193649
0.228351496	3.769356251
0.229311817	3.770169735
0.230272136	3.770494938
0.231232465	3.770982981
0.232192793	3.771471024
0.23315312	3.771796465
0.234113453	3.772121906
0.235073781	3.772772551
0.236034129	3.773097992
0.236994483	3.773423195
0.237954828	3.774073839
0.238915172	3.774399281
0.239875517	3.775049925
0.240835865	3.775375366
0.241796222	3.775700808
0.242756599	3.776351452
0.243716973	3.776839495
0.24467736	3.777164698
0.245637738	3.77781558
0.24659812	3.778303623
0.247558511	3.778466225
0.248518887	3.779116869
0.24947926	3.779604912
0.250439649	3.780092955
0.251400019	3.780743599
0.252360414	3.78106904
0.253320822	3.781882286
0.254281218	3.782207727
0.255241637	3.782858372
0.256202052	3.783183813
0.257162486	3.783509254
0.25812292	3.783997297
0.259083349	3.7843225
0.260043761	3.784810543
0.261004172	3.785135984
0.261964592	3.785624027
0.262925004	3.78594923
0.263885416	3.786437273
0.264845837	3.786762714
0.265806232	3.787250757
0.266766644	3.7877388
0.267727067	3.788064003
0.268687482	3.788714886
0.269647913	3.788877487
0.270608306	3.78936553
0.271568657	3.789853573
0.272529023	3.790179014
0.27348938	3.790829659
0.274449719	3.791317701
0.275410074	3.791642904
0.27637044	3.792130947
0.27733078	3.792456388
0.278291125	3.793107033
0.279251476	3.793595076
0.280211835	3.793920517
0.2811722	3.79440856
0.282132546	3.794896603
0.283092891	3.795547247
0.284053237	3.796197891
0.285013612	3.796523333
0.28597399	3.797173977
0.286934329	3.797824621
0.287894711	3.798312664
0.288855096	3.798638105
0.289815491	3.79928875
0.290775884	3.799776793
0.29173626	3.800264835
0.292696641	3.80091548
0.293657016	3.801403522
0.294617361	3.801891565
0.295577746	3.802379608
0.296538211	3.803030252
0.297498605	3.803681135
0.29845898	3.804169178
0.299419375	3.804494381
0.300379769	3.805145025
0.301340154	3.805795908
0.302300539	3.806283951
0.303260918	3.806934595
0.304221316	3.807422638
0.305181709	3.807910681
0.306142111	3.808398724
0.307102525	3.809211969
0.308062957	3.809537411
0.309023369	3.810350895
0.309983753	3.811001539
0.310944131	3.811489582
0.311904511	3.811977625
0.312864906	3.812465668
0.313825284	3.813441515
0.31478568	3.814092398
0.315746072	3.814743042
0.316706492	3.815068483
0.317666896	3.815719128
0.3186273	3.816532373
0.319587694	3.816857815
0.320548091	3.817671299
0.321508373	3.818159342
0.322468906	3.818809986
0.323429324	3.819298029
0.324389746	3.820111275
0.325350154	3.820762157
0.32631056	3.821575403
0.327270963	3.822226048
0.328231366	3.822551489
0.329191772	3.823364973
0.330152185	3.824015617
0.331112616	3.824828863
0.33207305	3.825316906
0.333033484	3.82613039
0.333993914	3.826781034
0.334954325	3.827431917
0.335914767	3.828245163
0.336875216	3.829221249
0.337835673	3.82938385
0.338796137	3.830359936
0.339756587	3.83101058
0.340716964	3.831824064
0.341677334	3.832474709
0.342637701	3.833288193
0.343598072	3.833938837
0.344558437	3.834752321
0.345518803	3.835565567
0.346479175	3.83621645
0.347439541	3.836867094
0.348399901	3.83784318
0.349360257	3.838656425
0.350320628	3.83930707
0.351280999	3.840283155
0.352241384	3.840771198
0.353201764	3.841747284
0.35416212	3.842397928
0.355122471	3.843211412
0.356082834	3.843862057
0.357043189	3.844675541
0.358003556	3.845488787
0.358963928	3.846302271
0.359924283	3.846952915
0.360884643	3.847929001
0.361845006	3.848742485
0.362805392	3.849555731
0.363765782	3.850531816
0.364726184	3.851182461
0.365686572	3.852158546
0.366646935	3.852972031
0.3676073	3.853785276
0.368567661	3.854761362
0.369528032	3.855574846
0.370488405	3.856550932
0.371448782	3.857364178
0.372409139	3.858340263
0.373369498	3.859153748
0.374329873	3.860129833
0.375290242	3.861105919
0.376250625	3.861756563
0.377210991	3.86289525
0.378171355	3.864033937
0.379131742	3.865010023
0.380092135	3.865986109
0.381052535	3.866962194
0.382012955	3.86777544
0.382973354	3.868914366
0.383933771	3.869890451
0.38489421	3.870703697
0.385854644	3.871842384
0.386815093	3.87281847
0.387775484	3.873957157
0.388735867	3.874770641
0.389696256	3.875909328
0.390656655	3.877048016
0.391617068	3.8778615
0.392577458	3.878837585
0.393537862	3.879813671
0.394498268	3.880952358
0.395458675	3.882091045
0.396419108	3.883067131
0.397379503	3.884043217
0.398339893	3.885181904
0.399300297	3.88615799
0.400260699	3.887459517
0.401221113	3.888272762
0.402181525	3.889248848
0.40314194	3.890550375
0.404102359	3.891689062
0.405062783	3.892827749
0.406023209	3.893803835
0.406983605	3.894942522
0.407944008	3.896081209
0.40890441	3.897219896
0.40986484	3.898195982
0.410825254	3.899334669
0.411785652	3.900636196
0.41274608	3.901774883
0.413706504	3.90307641
0.414666943	3.903889656
0.415627348	3.905191183
0.416587757	3.906167269
0.417548171	3.907468557
0.41850857	3.908607244
0.419468989	3.90958333
0.42042939	3.910884857
0.421389811	3.912186146
0.422350244	3.913325071
0.423310679	3.914463758
0.424271049	3.915765047
0.425231436	3.917066574
0.42619181	3.918205261
0.427152193	3.91950655
0.428112568	3.920808077
0.429072944	3.922109604
0.430033337	3.923085451
0.430993734	3.924224377
0.431954101	3.925688267
0.432914465	3.926989794
0.433874838	3.928128481
0.434835223	3.929592609
0.43579562	3.930893898
0.436755983	3.932195425
0.437716393	3.933659554
0.438676787	3.934960842
0.439637142	3.936262369
0.440597542	3.937563658
0.441557953	3.938865185
0.44251838	3.940329313
0.443478788	3.941630602
0.444438961	3.942932129
0.445399646	3.944396257
0.446360081	3.945697546
0.4473205	3.946999073
0.448280917	3.948462963
0.449241343	3.949927092
0.450201783	3.951065779
0.45116221	3.952529907
0.452122667	3.953994036
0.453083133	3.955295563
0.454043573	3.956759453
0.455003996	3.958223581
0.455964427	3.959525108
0.456924863	3.960989237
0.457885287	3.962453127
0.458845708	3.963754654
0.459806142	3.965218782
0.460766584	3.966520071
0.461727007	3.9679842
0.462687416	3.969285727
0.463647855	3.970749855
0.464608299	3.972213745
0.465568727	3.973515272
0.466529158	3.974979401
0.467489596	3.976280689
0.468450014	3.977907419
0.469410425	3.979371548
0.470370841	3.980510235
0.471331241	3.981974363
0.472291644	3.983601093
0.473252077	3.985065222
0.474212502	3.98652935
0.47517293	3.987830877
0.476133352	3.989294767
0.477093785	3.990921497
0.478054128	3.992223024
0.479014677	3.993849754
0.479975141	3.995313883
0.480935622	3.996940613
0.481896077	3.99824214
0.482856421	3.99970603
0.483816772	4.00133276
0.484777129	4.002634525
0.485737477	4.004261017
0.486697829	4.005562305
0.487658182	4.007189274
0.48861851	4.008653164
0.489578832	4.010280132
0.490539164	4.011907101
0.49149952	4.013370991
0.492459866	4.014997959
0.493420225	4.016461849
0.494380607	4.017925739
0.495340945	4.019552708
0.496301288	4.021179199
0.497261637	4.022806168
0.498221874	4.024270058
0.499182322	4.025897026
0.500142676	4.027523994
0.501103049	4.028825283
0.502063323	4.030777454
0.503023757	4.032241344
0.503984131	4.033868313
0.504944504	4.035494804
0.505904889	4.037121773
0.506865303	4.038585663
0.507825684	4.040212631
0.508786047	4.041839123
0.509746415	4.043466091
0.510706797	4.044929981
0.511667166	4.04655695
0.512627549	4.048183918
0.513587956	4.049973011
0.514548309	4.051437378
0.5155087	4.053063869
0.516469094	4.054690838
0.51742948	4.056480408
0.518389869	4.057944298
0.519350284	4.059571266
0.520310679	4.061360359
0.521271063	4.063149929
0.52223146	4.064613819
0.523191859	4.066078186
0.524152242	4.067704678
0.525112642	4.069331646
0.526073047	4.070632935
0.527033432	4.072422504
0.527993824	4.074049473
0.528954224	4.075675964
0.529914616	4.077302933
0.53087503	4.078766823
0.531835445	4.08023119
0.532795811	4.082020283
0.53375613	4.083809853
0.534716477	4.085436821
0.535676848	4.087063313
0.536637199	4.088527679
0.53759757	4.090316772
0.538557934	4.092106342
0.53951829	4.093733311
0.540478647	4.095522404
0.541439026	4.097149372
0.542399386	4.098775864
0.543359765	4.100565434
0.544320156	4.1020298
0.545280513	4.103656292
0.546240873	4.105608463
0.547201246	4.107235432
0.548161599	4.108699322
0.549121966	4.110651493
0.550082346	4.112115383
0.551042698	4.114067554
0.552003067	4.115531921
0.552963443	4.117321014
0.553923823	4.119110584
0.554884225	4.120737553
0.555844629	4.122689724
0.556804988	4.124478817
0.557765359	4.126105785
0.558725732	4.127732277
0.559686099	4.129684448
0.560646483	4.131474018
0.561606877	4.133100986
0.562567242	4.134890079
0.563527628	4.136679649
0.564488018	4.138469219
0.565448415	4.140095711
0.566408827	4.142047882
0.567369246	4.143837452
0.568329636	4.14546442
0.569290031	4.147416115
0.570250453	4.149205685
0.571210865	4.150832653
0.572171296	4.152947426
0.573131727	4.154736996
0.574092155	4.156363487
0.575052603	4.158315659
0.57601307	4.160105228
0.576973542	4.161894321
0.577934035	4.163683891
0.57889445	4.165473461
0.579854852	4.167588234
0.580815264	4.169540405
0.581775651	4.171166897
0.58273605	4.172793865
0.583696467	4.174746037
0.584656871	4.176535606
0.585617276	4.178487301
0.586577694	4.180114269
0.587538101	4.181903839
0.588498534	4.18385601
0.589458963	4.185645103
0.590419369	4.187434673
0.591379772	4.189386845
0.592340185	4.191013813
0.593300592	4.192965508
0.594261022	4.194755077
0.59522145	4.196544647
0.596181873	4.198496819
0.597142311	4.200286388
0.598102757	4.20191288
0.5990632	4.20370245
0.600023678	4.205328941
0.60098409	4.207606792
0.601944516	4.209233284
0.602904942	4.211185455
0.60386536	4.212975025
0.604825791	4.214764595
0.605786228	4.216553688
0.606746642	4.218505859
0.607707052	4.220132828
0.60866749	4.222084999
0.60962793	4.223711491
0.610588372	4.225663662
0.611548818	4.227615833
0.61250925	4.229242802
0.613469683	4.231194496
0.614430132	4.232984066
0.615390578	4.234936237
0.616351051	4.236563206
0.617311502	4.2385149
0.618271964	4.240467072
0.619232437	4.242256641
0.620192891	4.244046211
0.621153371	4.245998383
0.622113858	4.247624874
0.623074253	4.249414444
0.624034656	4.251041412
0.624995052	4.252830505
0.625955424	4.254457474
0.626915794	4.255921364
0.627876152	4.257710934
0.628836475	4.259337902
0.62979679	4.260964394
0.630757103	4.262591362
0.631717391	4.264380455
0.632677671	4.265844822
0.633637955	4.267634392
0.634598213	4.269423485
0.635558452	4.271050453
0.636518703	4.273002625
0.63747896	4.274629116
0.638439232	4.276581287
0.639399523	4.278370857
0.640359797	4.280323029
0.64132008	4.282112598
0.642280386	4.283901691
0.643240683	4.285853863
0.644201009	4.287806034
0.645161353	4.289433002
0.646121643	4.291385174
0.647081897	4.293336868
0.648042203	4.295126438
0.649002511	4.296753407
0.649962838	4.298705578
0.65044306	4.300006866
